
Solution for: 00Uncorrelated\n00050
Execution time: 0.0011529922485351562 sec
Capacity = 11922 
Total weight: 11921
Total value: 19780
Number of items: 31 
Packed weights: 31
Packed items: [0, 1, 3, 4, 5, 7, 8, 9, 10, 12, 14, 15, 17, 18, 20, 24, 27, 28, 30, 32, 33, 34, 35, 37, 38, 39, 40, 42, 43, 44, 49] 
-------------------------
Solution for: 00Uncorrelated\n00100
Execution time: 0.00042176246643066406 sec
Capacity = 28462 
Total weight: 28455
Total value: 42224
Number of items: 59 
Packed weights: 59
Packed items: [0, 1, 2, 3, 4, 5, 7, 8, 9, 10, 13, 14, 18, 19, 20, 22, 24, 27, 28, 30, 31, 32, 33, 34, 35, 37, 38, 39, 40, 41, 47, 49, 50, 52, 53, 55, 56, 58, 60, 61, 63, 64, 65, 69, 71, 72, 73, 77, 79, 80, 81, 83, 86, 87, 89, 90, 91, 96, 97] 
-------------------------
Solution for: 00Uncorrelated\n00200
Execution time: 0.0006849765777587891 sec
Capacity = 47601 
Total weight: 47601
Total value: 86024
Number of items: 126 
Packed weights: 126
Packed items: [0, 1, 2, 3, 4, 5, 6, 7, 8, 9, 10, 11, 12, 15, 18, 19, 20, 22, 24, 25, 27, 30, 31, 33, 35, 37, 38, 39, 40, 45, 46, 47, 49, 52, 53, 54, 55, 58, 60, 61, 63, 64, 65, 69, 70, 71, 72, 73, 76, 77, 80, 81, 83, 85, 86, 87, 89, 91, 96, 97, 100, 101, 102, 103, 104, 108, 109, 112, 114, 115, 116, 117, 119, 121, 122, 124, 125, 126, 129, 130, 134, 135, 136, 137, 138, 142, 143, 146, 147, 149, 153, 154, 156, 157, 158, 159, 161, 162, 163, 164, 165, 166, 167, 169, 170, 171, 173, 174, 175, 176, 177, 178, 181, 182, 184, 185, 186, 188, 189, 190, 191, 193, 194, 195, 198, 199] 
-------------------------
Solution for: 00Uncorrelated\n00500
Execution time: 0.002178668975830078 sec
Capacity = 120137 
Total weight: 120129
Total value: 202400
Number of items: 313 
Packed weights: 313
Packed items: [0, 2, 3, 4, 5, 7, 8, 9, 10, 11, 12, 13, 14, 15, 17, 18, 19, 20, 22, 24, 27, 30, 31, 32, 33, 34, 35, 37, 38, 39, 40, 44, 46, 47, 49, 50, 51, 52, 53, 55, 56, 57, 58, 59, 60, 61, 63, 64, 65, 69, 71, 72, 73, 77, 79, 80, 81, 83, 86, 87, 89, 90, 91, 92, 96, 97, 100, 101, 104, 105, 106, 107, 109, 112, 114, 115, 116, 117, 121, 123, 124, 125, 126, 128, 129, 130, 132, 134, 135, 136, 137, 139, 141, 142, 143, 145, 146, 147, 148, 149, 150, 151, 152, 154, 155, 157, 158, 163, 164, 165, 166, 167, 168, 169, 170, 171, 173, 174, 176, 177, 179, 181, 182, 183, 184, 185, 186, 187, 188, 189, 190, 192, 193, 195, 197, 199, 202, 209, 212, 213, 214, 215, 217, 221, 223, 228, 229, 230, 231, 232, 234, 235, 236, 240, 241, 242, 244, 247, 250, 251, 254, 255, 256, 258, 259, 260, 262, 264, 266, 268, 271, 272, 273, 274, 275, 277, 278, 279, 280, 284, 286, 288, 289, 290, 292, 294, 296, 297, 298, 299, 300, 301, 304, 305, 306, 307, 309, 310, 311, 312, 313, 315, 316, 317, 318, 321, 323, 324, 325, 326, 327, 328, 330, 331, 332, 335, 336, 338, 339, 340, 341, 343, 344, 345, 346, 348, 349, 350, 351, 352, 354, 355, 357, 358, 359, 360, 366, 367, 368, 370, 374, 377, 378, 379, 380, 381, 383, 385, 387, 389, 390, 391, 392, 394, 397, 400, 401, 402, 405, 407, 410, 411, 412, 414, 415, 416, 417, 418, 419, 422, 424, 426, 427, 428, 429, 430, 432, 434, 435, 438, 440, 441, 442, 444, 445, 446, 448, 454, 455, 457, 461, 463, 465, 466, 467, 468, 469, 471, 472, 473, 474, 475, 478, 481, 484, 486, 487, 491, 492, 493, 494, 496, 497] 
-------------------------
Solution for: 00Uncorrelated\n01000
Execution time: 0.0043408870697021484 sec
Capacity = 243749 
Total weight: 243745
Total value: 403106
Number of items: 624 
Packed weights: 624
Packed items: [1, 2, 3, 4, 5, 7, 8, 9, 10, 12, 13, 14, 15, 18, 19, 20, 21, 22, 24, 25, 27, 30, 31, 32, 33, 34, 35, 37, 38, 39, 40, 41, 42, 49, 52, 53, 55, 56, 58, 60, 61, 63, 65, 69, 70, 71, 72, 73, 74, 76, 77, 79, 80, 81, 83, 85, 87, 88, 89, 94, 96, 97, 100, 101, 104, 105, 107, 109, 111, 112, 114, 115, 116, 117, 121, 123, 124, 125, 126, 127, 129, 130, 134, 135, 136, 137, 141, 142, 143, 144, 145, 146, 147, 148, 149, 151, 152, 154, 155, 156, 157, 158, 159, 162, 163, 165, 166, 167, 168, 169, 170, 171, 172, 173, 174, 175, 176, 177, 179, 181, 182, 184, 185, 186, 188, 189, 190, 192, 193, 194, 195, 199, 201, 202, 212, 213, 214, 215, 217, 219, 221, 223, 224, 226, 229, 230, 231, 232, 233, 234, 235, 238, 239, 240, 241, 242, 244, 247, 248, 251, 252, 253, 254, 255, 256, 257, 258, 259, 260, 262, 263, 266, 267, 269, 271, 272, 274, 275, 279, 280, 284, 286, 287, 288, 289, 290, 292, 295, 296, 297, 298, 299, 300, 301, 304, 305, 306, 309, 311, 312, 313, 314, 315, 317, 318, 321, 323, 324, 325, 327, 328, 330, 331, 332, 335, 336, 339, 340, 341, 343, 344, 345, 346, 348, 349, 350, 351, 352, 353, 354, 355, 356, 357, 358, 360, 363, 364, 367, 368, 372, 374, 377, 378, 379, 380, 381, 383, 384, 385, 387, 388, 391, 392, 393, 394, 395, 397, 400, 402, 403, 404, 405, 407, 410, 411, 412, 414, 415, 416, 422, 423, 424, 426, 428, 430, 432, 434, 435, 440, 441, 442, 444, 445, 446, 448, 450, 453, 454, 459, 461, 463, 464, 465, 466, 467, 468, 469, 471, 472, 473, 474, 475, 476, 478, 480, 481, 486, 487, 488, 489, 490, 491, 492, 493, 494, 497, 501, 502, 505, 506, 507, 508, 510, 519, 523, 525, 527, 528, 529, 530, 531, 533, 534, 535, 536, 538, 539, 542, 546, 547, 548, 550, 554, 556, 558, 561, 562, 565, 566, 567, 568, 569, 570, 571, 572, 573, 574, 575, 576, 577, 579, 580, 583, 584, 585, 588, 589, 594, 595, 596, 599, 602, 603, 604, 606, 608, 610, 611, 614, 615, 617, 618, 619, 620, 621, 622, 624, 627, 630, 631, 636, 637, 638, 642, 643, 644, 648, 653, 654, 656, 658, 659, 660, 661, 662, 664, 665, 667, 668, 670, 672, 673, 674, 675, 676, 677, 678, 679, 680, 681, 684, 685, 686, 689, 690, 691, 692, 694, 696, 698, 699, 700, 701, 702, 703, 704, 705, 708, 710, 711, 712, 715, 717, 718, 719, 720, 722, 723, 724, 725, 726, 728, 730, 731, 733, 734, 737, 738, 739, 740, 741, 742, 743, 744, 745, 746, 747, 748, 749, 752, 753, 756, 757, 758, 759, 762, 763, 765, 766, 767, 768, 769, 770, 771, 776, 779, 780, 781, 782, 783, 784, 785, 787, 788, 793, 794, 795, 797, 798, 799, 801, 803, 805, 806, 808, 809, 812, 813, 814, 815, 816, 817, 818, 819, 820, 822, 823, 824, 827, 830, 833, 834, 835, 836, 837, 840, 842, 843, 850, 851, 852, 853, 855, 856, 857, 858, 860, 861, 864, 865, 869, 870, 871, 872, 873, 874, 875, 876, 877, 879, 880, 881, 882, 884, 887, 888, 889, 891, 894, 895, 898, 899, 900, 902, 903, 904, 909, 910, 911, 913, 914, 915, 918, 920, 922, 923, 924, 925, 927, 928, 931, 933, 934, 935, 936, 937, 939, 942, 945, 946, 947, 948, 949, 950, 951, 952, 953, 954, 956, 959, 960, 962, 963, 965, 967, 968, 969, 971, 975, 976, 977, 978, 979, 980, 982, 983, 984, 986, 988, 990, 994, 995, 998, 999] 
-------------------------
Solution for: 01WeaklyCorrelated\n00050
Execution time: 0.0004420280456542969 sec
Capacity = 12719 
Total weight: 12715
Total value: 14125
Number of items: 22 
Packed weights: 22
Packed items: [2, 3, 6, 8, 10, 11, 13, 19, 21, 22, 23, 26, 27, 29, 30, 31, 33, 37, 39, 46, 47, 48] 
-------------------------
Solution for: 01WeaklyCorrelated\n00100
Execution time: 0.000659942626953125 sec
Capacity = 24642 
Total weight: 24637
Total value: 27933
Number of items: 61 
Packed weights: 61
Packed items: [0, 1, 4, 5, 6, 9, 12, 14, 15, 16, 17, 21, 23, 24, 25, 26, 29, 35, 36, 37, 42, 43, 45, 46, 47, 48, 49, 51, 54, 55, 57, 58, 59, 62, 63, 65, 66, 67, 69, 70, 71, 73, 74, 75, 76, 77, 78, 79, 81, 82, 84, 85, 86, 88, 89, 90, 92, 93, 94, 95, 99] 
-------------------------
Solution for: 01WeaklyCorrelated\n00200
Execution time: 0.0010461807250976562 sec
Capacity = 53104 
Total weight: 53102
Total value: 57753
Number of items: 102 
Packed weights: 102
Packed items: [1, 2, 14, 15, 16, 17, 23, 26, 28, 30, 31, 32, 34, 35, 38, 39, 40, 41, 42, 44, 47, 48, 50, 51, 56, 57, 58, 59, 60, 62, 66, 67, 71, 74, 75, 77, 79, 80, 82, 84, 86, 88, 89, 90, 92, 94, 97, 99, 100, 101, 105, 106, 107, 109, 110, 111, 112, 113, 114, 115, 118, 121, 123, 124, 127, 128, 130, 131, 132, 135, 136, 139, 140, 141, 143, 144, 145, 146, 148, 150, 151, 152, 155, 157, 160, 166, 167, 168, 172, 174, 177, 179, 181, 182, 183, 185, 187, 188, 192, 194, 195, 197] 
-------------------------
Solution for: 01WeaklyCorrelated\n00500
Execution time: 0.001783132553100586 sec
Capacity = 123199 
Total weight: 123199
Total value: 135595
Number of items: 259 
Packed weights: 259
Packed items: [0, 1, 2, 6, 7, 8, 16, 19, 21, 23, 26, 27, 28, 29, 30, 33, 34, 35, 37, 38, 39, 42, 47, 48, 55, 58, 62, 66, 67, 68, 69, 70, 71, 73, 74, 75, 76, 77, 79, 85, 88, 89, 94, 95, 96, 99, 102, 103, 104, 106, 108, 110, 111, 114, 115, 118, 119, 120, 121, 122, 124, 127, 129, 130, 131, 136, 138, 142, 143, 144, 145, 148, 149, 153, 154, 156, 158, 159, 160, 161, 164, 165, 172, 173, 175, 176, 177, 178, 179, 180, 181, 183, 184, 185, 190, 191, 192, 194, 196, 198, 199, 200, 201, 202, 203, 204, 205, 207, 208, 210, 211, 216, 217, 218, 219, 222, 223, 224, 225, 226, 230, 231, 233, 234, 237, 238, 239, 240, 243, 244, 245, 247, 248, 252, 253, 256, 257, 258, 259, 262, 263, 265, 266, 267, 269, 270, 271, 276, 277, 279, 280, 281, 282, 283, 284, 285, 286, 287, 294, 295, 298, 301, 302, 303, 304, 305, 306, 308, 309, 312, 314, 315, 318, 319, 320, 321, 324, 325, 329, 334, 335, 337, 340, 342, 347, 348, 351, 356, 357, 358, 361, 363, 364, 365, 366, 369, 371, 372, 373, 375, 376, 377, 379, 381, 382, 388, 394, 395, 398, 399, 400, 403, 404, 409, 411, 413, 414, 415, 418, 422, 423, 425, 427, 428, 430, 431, 433, 435, 436, 437, 439, 443, 446, 447, 449, 450, 451, 452, 453, 456, 459, 460, 462, 464, 465, 469, 476, 477, 479, 480, 482, 483, 485, 488, 490, 494, 495, 498, 499] 
-------------------------
Solution for: 01WeaklyCorrelated\n01000
Execution time: 0.003298044204711914 sec
Capacity = 243336 
Total weight: 243336
Total value: 268214
Number of items: 524 
Packed weights: 524
Packed items: [0, 2, 4, 5, 6, 8, 11, 15, 16, 17, 19, 20, 22, 26, 27, 28, 33, 39, 40, 44, 45, 46, 47, 48, 50, 51, 52, 53, 54, 56, 57, 62, 64, 65, 66, 68, 71, 72, 73, 75, 77, 78, 84, 86, 90, 91, 92, 93, 98, 101, 102, 103, 106, 108, 110, 111, 114, 115, 118, 119, 121, 122, 124, 125, 128, 131, 132, 133, 135, 138, 139, 142, 143, 145, 150, 151, 153, 155, 159, 160, 161, 163, 164, 165, 166, 167, 170, 174, 176, 177, 178, 180, 182, 183, 185, 186, 188, 189, 190, 191, 192, 194, 196, 197, 198, 200, 201, 204, 205, 207, 208, 210, 214, 215, 216, 217, 218, 220, 222, 223, 225, 228, 232, 236, 238, 240, 241, 242, 243, 244, 245, 246, 247, 249, 250, 261, 264, 265, 266, 273, 274, 275, 276, 277, 278, 279, 280, 282, 283, 284, 285, 290, 291, 293, 294, 297, 306, 307, 308, 310, 315, 316, 318, 320, 321, 322, 326, 329, 331, 333, 334, 336, 337, 339, 340, 342, 344, 346, 347, 348, 350, 351, 357, 361, 362, 366, 370, 373, 375, 376, 377, 382, 383, 385, 386, 387, 389, 390, 395, 398, 399, 402, 405, 406, 409, 411, 416, 417, 418, 419, 420, 421, 425, 427, 429, 430, 431, 433, 434, 436, 437, 442, 443, 445, 447, 451, 452, 454, 455, 456, 457, 458, 461, 463, 465, 467, 470, 471, 477, 482, 483, 484, 485, 486, 492, 495, 496, 497, 498, 499, 500, 501, 503, 511, 512, 513, 514, 515, 516, 518, 520, 521, 522, 526, 532, 533, 535, 537, 539, 540, 541, 542, 543, 544, 545, 549, 551, 553, 554, 555, 557, 558, 559, 563, 564, 567, 570, 572, 578, 581, 582, 586, 587, 590, 592, 593, 594, 595, 596, 597, 598, 600, 601, 603, 605, 606, 607, 608, 609, 610, 611, 613, 614, 616, 618, 619, 620, 621, 623, 625, 626, 628, 629, 631, 632, 633, 634, 635, 638, 639, 640, 641, 642, 645, 646, 647, 649, 650, 651, 652, 653, 654, 655, 656, 657, 658, 659, 661, 663, 666, 669, 671, 672, 673, 682, 683, 687, 688, 690, 693, 696, 697, 698, 700, 702, 706, 707, 708, 709, 713, 714, 716, 717, 721, 724, 727, 732, 733, 734, 735, 736, 737, 744, 748, 750, 754, 755, 757, 759, 760, 761, 764, 765, 769, 772, 773, 775, 777, 778, 779, 780, 782, 784, 785, 786, 787, 790, 791, 792, 798, 802, 803, 804, 805, 807, 810, 811, 812, 814, 820, 821, 825, 826, 828, 829, 833, 837, 838, 840, 841, 842, 844, 845, 846, 847, 848, 849, 854, 859, 862, 863, 864, 866, 868, 869, 871, 872, 873, 875, 877, 878, 882, 883, 885, 886, 890, 891, 892, 893, 894, 895, 897, 900, 901, 903, 904, 905, 906, 907, 908, 911, 914, 915, 916, 919, 921, 922, 925, 926, 927, 928, 930, 932, 935, 936, 937, 938, 939, 940, 941, 943, 944, 949, 950, 951, 952, 955, 956, 958, 960, 961, 962, 964, 965, 966, 968, 969, 970, 972, 974, 976, 979, 980, 981, 985, 987, 988, 989, 991, 992, 993, 995, 996, 997] 
-------------------------
Solution for: 02StronglyCorrelated\n00050
Execution time: 0.029365062713623047 sec
Capacity = 12719 
Total weight: 12719
Total value: 16219
Number of items: 35 
Packed weights: 35
Packed items: [0, 1, 4, 6, 7, 9, 11, 12, 13, 14, 15, 16, 17, 18, 20, 21, 23, 25, 26, 28, 29, 32, 33, 34, 35, 36, 38, 41, 42, 43, 44, 45, 46, 48, 49] 
-------------------------
Solution for: 02StronglyCorrelated\n00100
Execution time: 0.0039861202239990234 sec
Capacity = 24642 
Total weight: 24642
Total value: 31842
Number of items: 72 
Packed weights: 72
Packed items: [0, 1, 2, 4, 6, 7, 9, 11, 12, 13, 14, 15, 16, 17, 18, 21, 23, 24, 25, 26, 28, 29, 32, 34, 35, 36, 38, 41, 42, 43, 44, 45, 46, 47, 48, 49, 50, 51, 53, 54, 55, 56, 57, 59, 60, 62, 64, 65, 66, 67, 68, 70, 71, 74, 75, 76, 77, 78, 82, 84, 85, 86, 88, 90, 91, 92, 93, 94, 95, 96, 98, 99] 
-------------------------
Solution for: 02StronglyCorrelated\n00200
Execution time: 0.04068613052368164 sec
Capacity = 53104 
Total weight: 53104
Total value: 66904
Number of items: 138 
Packed weights: 138
Packed items: [0, 1, 6, 7, 9, 11, 12, 13, 14, 15, 16, 17, 18, 21, 23, 24, 25, 26, 28, 29, 32, 34, 35, 36, 38, 41, 42, 43, 44, 45, 46, 47, 48, 49, 50, 51, 52, 53, 54, 55, 56, 57, 59, 62, 64, 65, 66, 67, 68, 70, 74, 75, 76, 78, 79, 82, 84, 85, 86, 88, 90, 91, 92, 93, 94, 95, 96, 98, 99, 101, 102, 103, 104, 106, 107, 108, 110, 111, 113, 114, 116, 118, 119, 120, 122, 123, 127, 128, 129, 130, 131, 132, 133, 134, 137, 138, 139, 140, 141, 144, 147, 148, 150, 151, 152, 153, 155, 156, 158, 159, 160, 161, 162, 163, 164, 166, 168, 169, 172, 175, 178, 179, 180, 183, 184, 185, 186, 187, 189, 190, 191, 192, 194, 195, 196, 197, 198, 199] 
-------------------------
Solution for: 02StronglyCorrelated\n00500
Execution time: 180.0326280593872 sec
Capacity = 123199 
Total weight: 122984
Total value: 158184
Number of items: 352 
Packed weights: 352
Packed items: [0, 6, 7, 9, 11, 12, 13, 14, 15, 16, 17, 18, 21, 23, 24, 25, 26, 28, 29, 32, 34, 35, 36, 38, 41, 42, 43, 44, 45, 46, 47, 48, 49, 50, 51, 53, 54, 55, 57, 59, 62, 64, 65, 66, 67, 68, 70, 74, 75, 76, 78, 82, 84, 85, 86, 88, 90, 91, 92, 93, 94, 95, 96, 98, 99, 101, 102, 103, 104, 106, 107, 108, 110, 111, 113, 116, 118, 119, 120, 122, 123, 127, 128, 130, 131, 132, 133, 134, 137, 138, 139, 140, 141, 144, 147, 148, 150, 152, 153, 155, 156, 158, 159, 160, 161, 162, 163, 164, 166, 168, 169, 172, 175, 178, 179, 180, 183, 184, 187, 189, 190, 191, 192, 194, 196, 197, 198, 199, 200, 201, 202, 203, 204, 205, 206, 207, 208, 209, 210, 211, 212, 213, 214, 216, 218, 219, 220, 221, 222, 224, 225, 226, 227, 228, 229, 230, 233, 235, 236, 237, 238, 239, 242, 243, 245, 246, 247, 248, 249, 250, 252, 253, 254, 255, 257, 260, 261, 263, 264, 265, 267, 268, 269, 270, 271, 272, 273, 276, 277, 278, 281, 282, 283, 285, 286, 287, 288, 289, 290, 291, 293, 294, 295, 296, 297, 298, 299, 301, 302, 303, 304, 307, 308, 310, 311, 313, 314, 316, 317, 319, 320, 322, 324, 325, 326, 329, 330, 331, 332, 333, 334, 337, 338, 341, 342, 347, 349, 350, 353, 354, 356, 357, 358, 359, 360, 361, 362, 363, 364, 365, 366, 369, 370, 371, 372, 373, 375, 376, 378, 379, 380, 382, 383, 384, 385, 386, 388, 389, 390, 391, 393, 395, 396, 397, 398, 399, 400, 401, 403, 404, 406, 408, 409, 411, 412, 413, 415, 417, 418, 419, 420, 421, 422, 423, 424, 425, 427, 429, 431, 432, 433, 435, 436, 437, 438, 439, 441, 443, 444, 446, 447, 448, 449, 450, 451, 452, 453, 455, 456, 457, 458, 459, 460, 461, 462, 464, 466, 467, 468, 470, 471, 472, 473, 475, 476, 477, 478, 479, 480, 482, 483, 484, 485, 488, 489, 490, 492, 493, 495, 496, 498, 499] 
-------------------------
Solution for: 02StronglyCorrelated\n01000
Execution time: 205.09492683410645 sec
Capacity = 243336 
Total weight: 243169
Total value: 313969
Number of items: 708 
Packed weights: 708
Packed items: [0, 6, 7, 9, 11, 12, 13, 14, 15, 16, 17, 18, 21, 23, 24, 25, 26, 28, 29, 32, 34, 35, 36, 38, 41, 42, 43, 44, 45, 46, 47, 48, 49, 50, 51, 53, 54, 55, 57, 59, 62, 64, 65, 66, 67, 68, 70, 74, 75, 76, 78, 82, 84, 85, 86, 88, 90, 91, 92, 93, 94, 95, 96, 98, 99, 101, 102, 103, 104, 106, 107, 108, 110, 111, 113, 116, 118, 119, 120, 122, 123, 127, 128, 130, 131, 132, 133, 134, 137, 138, 139, 140, 141, 144, 147, 148, 150, 152, 153, 155, 156, 158, 159, 160, 161, 162, 163, 164, 166, 168, 169, 172, 175, 178, 179, 180, 183, 184, 187, 189, 190, 191, 192, 194, 196, 197, 198, 199, 200, 201, 202, 203, 204, 205, 206, 207, 208, 209, 210, 211, 212, 213, 214, 215, 216, 218, 219, 220, 221, 222, 224, 225, 226, 227, 228, 229, 230, 233, 235, 236, 237, 238, 239, 242, 243, 245, 246, 247, 248, 249, 250, 252, 253, 254, 255, 257, 260, 261, 263, 264, 265, 267, 268, 269, 270, 271, 272, 273, 276, 277, 278, 281, 282, 283, 285, 286, 287, 288, 289, 291, 293, 294, 295, 296, 297, 298, 299, 301, 302, 303, 304, 307, 308, 310, 311, 313, 314, 316, 317, 319, 320, 322, 324, 325, 326, 329, 330, 331, 332, 333, 334, 335, 337, 338, 342, 347, 349, 350, 353, 354, 356, 357, 358, 359, 360, 361, 362, 363, 364, 365, 366, 369, 370, 371, 372, 373, 375, 376, 377, 378, 379, 380, 382, 383, 384, 385, 386, 388, 389, 390, 391, 393, 395, 396, 397, 398, 399, 400, 401, 403, 404, 406, 408, 409, 411, 412, 413, 415, 417, 418, 419, 420, 421, 422, 423, 424, 425, 427, 429, 431, 432, 433, 435, 436, 437, 438, 439, 441, 443, 444, 446, 447, 448, 449, 450, 451, 452, 453, 455, 456, 457, 458, 459, 460, 461, 462, 464, 466, 467, 468, 470, 471, 472, 473, 475, 476, 477, 478, 479, 480, 482, 483, 484, 485, 488, 489, 490, 492, 493, 495, 496, 498, 499, 500, 502, 503, 504, 505, 507, 509, 510, 511, 512, 513, 514, 515, 516, 517, 518, 520, 521, 522, 523, 524, 525, 526, 527, 529, 531, 532, 533, 534, 535, 536, 537, 540, 541, 543, 544, 545, 546, 549, 550, 551, 552, 553, 554, 555, 556, 557, 559, 560, 561, 562, 563, 564, 565, 567, 569, 571, 572, 578, 580, 581, 582, 583, 584, 585, 586, 587, 589, 590, 591, 592, 593, 596, 597, 598, 599, 600, 601, 602, 605, 606, 607, 609, 612, 613, 615, 616, 617, 620, 622, 623, 625, 626, 628, 629, 630, 632, 633, 634, 635, 636, 637, 639, 640, 641, 645, 646, 647, 649, 650, 651, 652, 655, 657, 658, 660, 662, 663, 664, 665, 666, 667, 668, 669, 670, 671, 672, 674, 678, 679, 680, 682, 683, 684, 685, 686, 687, 688, 689, 690, 693, 695, 697, 699, 702, 705, 706, 707, 709, 711, 712, 713, 714, 715, 716, 719, 720, 721, 722, 723, 725, 727, 728, 729, 730, 732, 733, 735, 736, 737, 741, 742, 743, 745, 746, 747, 749, 750, 751, 752, 753, 754, 755, 756, 757, 758, 760, 761, 764, 766, 768, 769, 771, 772, 773, 774, 775, 776, 777, 778, 786, 788, 789, 790, 791, 792, 793, 794, 796, 797, 798, 799, 800, 801, 802, 803, 804, 807, 810, 811, 812, 813, 816, 817, 818, 819, 820, 821, 822, 823, 825, 826, 827, 828, 829, 830, 831, 832, 833, 835, 836, 838, 839, 841, 843, 844, 845, 846, 847, 848, 849, 850, 852, 853, 854, 855, 857, 858, 859, 860, 862, 863, 865, 866, 867, 868, 870, 874, 878, 880, 883, 884, 885, 886, 887, 888, 889, 890, 891, 892, 893, 896, 897, 900, 901, 902, 905, 906, 907, 908, 910, 912, 913, 916, 917, 918, 919, 920, 921, 922, 924, 925, 926, 927, 929, 930, 932, 934, 935, 936, 938, 939, 940, 941, 942, 943, 944, 945, 946, 948, 949, 954, 955, 957, 958, 960, 961, 963, 964, 966, 967, 968, 969, 970, 971, 972, 973, 974, 975, 977, 978, 981, 983, 984, 985, 986, 987, 989, 991, 992, 993, 995, 996, 997, 999] 
-------------------------
Solution for: 03InverseStronglyCorrelated\n00050
Execution time: 21.538010120391846 sec
Capacity = 15194 
Total weight: 15194
Total value: 13594
Number of items: 16 
Packed weights: 16
Packed items: [1, 2, 3, 5, 8, 10, 12, 19, 22, 30, 31, 33, 34, 37, 39, 40] 
-------------------------
Solution for: 03InverseStronglyCorrelated\n00100
Execution time: 0.0160219669342041 sec
Capacity = 29592 
Total weight: 29592
Total value: 26592
Number of items: 30 
Packed weights: 30
Packed items: [2, 3, 5, 8, 10, 19, 20, 22, 30, 31, 33, 37, 39, 40, 52, 58, 60, 61, 63, 69, 71, 72, 73, 77, 80, 81, 83, 87, 89, 97] 
-------------------------
Solution for: 03InverseStronglyCorrelated\n00200
Execution time: 12.935873031616211 sec
Capacity = 63005 
Total weight: 62977
Total value: 56477
Number of items: 65 
Packed weights: 65
Packed items: [1, 2, 3, 4, 5, 8, 10, 19, 20, 22, 27, 30, 31, 33, 37, 39, 40, 52, 58, 60, 61, 63, 69, 71, 72, 73, 77, 79, 80, 81, 83, 87, 89, 97, 100, 105, 109, 112, 115, 117, 121, 124, 125, 126, 135, 136, 142, 143, 145, 146, 149, 154, 157, 165, 167, 170, 171, 173, 174, 176, 177, 181, 182, 188, 193] 
-------------------------
Solution for: 03InverseStronglyCorrelated\n00500
Execution time: 27.083667993545532 sec
Capacity = 147951 
Total weight: 147951
Total value: 132251
Number of items: 157 
Packed weights: 157
Packed items: [1, 2, 3, 4, 5, 8, 10, 19, 20, 22, 27, 30, 31, 33, 37, 38, 39, 40, 52, 56, 58, 60, 61, 63, 69, 71, 72, 73, 77, 79, 80, 81, 83, 87, 89, 96, 97, 100, 105, 109, 112, 114, 115, 117, 121, 124, 125, 126, 129, 135, 136, 142, 143, 145, 146, 147, 151, 154, 155, 157, 165, 167, 170, 171, 173, 174, 175, 176, 177, 181, 182, 184, 185, 186, 188, 193, 195, 201, 217, 223, 231, 232, 234, 240, 241, 244, 251, 256, 258, 259, 262, 266, 274, 275, 279, 280, 284, 290, 292, 300, 305, 306, 309, 312, 315, 318, 321, 323, 324, 327, 328, 336, 339, 340, 343, 344, 345, 346, 348, 351, 352, 355, 367, 368, 374, 377, 381, 387, 392, 394, 402, 405, 407, 410, 414, 416, 426, 428, 430, 434, 440, 442, 445, 454, 463, 465, 466, 467, 469, 473, 474, 481, 486, 487, 491, 494, 497] 
-------------------------
Solution for: 03InverseStronglyCorrelated\n01000
Execution time: 186.66306400299072 sec
Capacity = 292841 
Total weight: 292748
Total value: 261648
Number of items: 311 
Packed weights: 311
Packed items: [1, 2, 3, 4, 5, 8, 10, 19, 20, 22, 27, 30, 31, 33, 37, 38, 39, 40, 52, 56, 58, 60, 61, 63, 69, 71, 72, 73, 77, 79, 80, 81, 83, 87, 89, 96, 97, 100, 105, 109, 112, 114, 115, 117, 121, 124, 125, 126, 129, 135, 136, 142, 143, 145, 146, 147, 149, 151, 154, 155, 157, 165, 167, 170, 171, 173, 174, 175, 176, 177, 181, 182, 184, 185, 186, 188, 193, 195, 201, 217, 223, 231, 232, 234, 240, 241, 244, 251, 256, 258, 259, 262, 266, 274, 275, 279, 280, 284, 290, 292, 300, 305, 306, 309, 312, 315, 318, 321, 323, 324, 327, 328, 336, 339, 340, 343, 344, 345, 346, 348, 351, 352, 355, 367, 368, 374, 377, 381, 387, 392, 394, 402, 405, 407, 410, 411, 414, 416, 426, 428, 430, 434, 440, 442, 445, 454, 463, 465, 466, 469, 474, 481, 486, 487, 491, 494, 497, 501, 506, 508, 519, 528, 530, 538, 539, 542, 547, 548, 558, 566, 568, 570, 573, 575, 576, 577, 579, 588, 594, 595, 603, 604, 608, 610, 611, 614, 618, 619, 621, 624, 627, 631, 638, 642, 643, 644, 648, 653, 654, 656, 658, 659, 661, 673, 675, 676, 677, 678, 681, 691, 692, 694, 696, 698, 700, 701, 702, 703, 704, 708, 710, 717, 718, 722, 724, 726, 731, 734, 738, 739, 740, 744, 748, 758, 759, 762, 763, 765, 767, 769, 770, 779, 780, 781, 782, 783, 784, 785, 787, 795, 803, 805, 806, 808, 809, 814, 815, 819, 820, 824, 834, 837, 840, 842, 851, 856, 857, 861, 864, 869, 871, 872, 873, 875, 876, 877, 879, 881, 882, 894, 895, 898, 899, 903, 904, 909, 911, 914, 915, 923, 928, 931, 933, 937, 947, 950, 951, 952, 953, 956, 959, 962, 965, 976, 979, 980, 982, 988, 990, 994, 998] 
-------------------------
Solution for: 04AlmostStronglyCorrelated\n00050
Execution time: 18.063405990600586 sec
Capacity = 12719 
Total weight: 12719
Total value: 16204
Number of items: 35 
Packed weights: 35
Packed items: [0, 1, 2, 4, 6, 7, 11, 12, 13, 14, 15, 16, 17, 18, 19, 21, 22, 23, 24, 25, 26, 28, 29, 32, 34, 36, 38, 41, 42, 43, 44, 45, 46, 47, 48] 
-------------------------
Solution for: 04AlmostStronglyCorrelated\n00100
Execution time: 0.0028460025787353516 sec
Capacity = 24642 
Total weight: 24641
Total value: 31891
Number of items: 72 
Packed weights: 72
Packed items: [0, 1, 2, 4, 6, 7, 9, 11, 12, 13, 14, 15, 16, 17, 18, 21, 23, 24, 25, 26, 28, 29, 32, 34, 35, 36, 38, 41, 42, 43, 44, 45, 46, 47, 48, 49, 50, 51, 53, 54, 55, 56, 57, 59, 62, 64, 65, 66, 67, 68, 70, 71, 74, 75, 76, 77, 78, 79, 82, 84, 85, 86, 88, 90, 91, 92, 93, 94, 95, 96, 98, 99] 
-------------------------
Solution for: 04AlmostStronglyCorrelated\n00200
Execution time: 0.0024237632751464844 sec
Capacity = 53104 
Total weight: 53104
Total value: 66890
Number of items: 138 
Packed weights: 138
Packed items: [0, 1, 6, 7, 9, 11, 12, 13, 14, 15, 16, 17, 18, 21, 23, 24, 25, 26, 28, 29, 32, 34, 35, 36, 38, 41, 42, 43, 44, 45, 46, 47, 48, 49, 50, 51, 53, 54, 55, 56, 57, 59, 62, 64, 65, 66, 67, 68, 70, 71, 74, 75, 76, 78, 79, 82, 84, 85, 86, 88, 90, 91, 92, 93, 94, 95, 96, 98, 99, 101, 102, 103, 104, 106, 107, 108, 110, 111, 113, 116, 118, 119, 120, 122, 123, 127, 128, 130, 131, 132, 133, 134, 137, 138, 139, 140, 141, 144, 145, 147, 148, 150, 151, 152, 153, 155, 156, 158, 159, 160, 161, 162, 163, 164, 166, 168, 169, 170, 172, 175, 178, 179, 180, 183, 184, 185, 186, 187, 189, 190, 191, 192, 194, 195, 196, 197, 198, 199] 
-------------------------
Solution for: 04AlmostStronglyCorrelated\n00500
Execution time: 180.01701402664185 sec
Capacity = 123199 
Total weight: 123134
Total value: 158328
Number of items: 352 
Packed weights: 352
Packed items: [0, 6, 7, 11, 12, 13, 14, 15, 16, 17, 18, 19, 21, 23, 24, 25, 26, 28, 29, 32, 34, 35, 36, 38, 41, 42, 43, 44, 45, 46, 47, 48, 49, 50, 51, 53, 54, 55, 57, 59, 62, 64, 65, 66, 67, 68, 70, 74, 75, 76, 78, 82, 84, 85, 86, 88, 90, 91, 92, 93, 94, 95, 96, 98, 99, 101, 102, 103, 104, 106, 107, 108, 110, 111, 113, 114, 116, 118, 119, 120, 122, 123, 127, 128, 130, 131, 132, 133, 134, 137, 138, 139, 140, 141, 144, 148, 150, 152, 153, 156, 158, 159, 160, 161, 162, 163, 164, 168, 169, 172, 175, 178, 179, 180, 183, 184, 187, 189, 190, 191, 192, 194, 196, 197, 198, 199, 200, 201, 202, 203, 204, 205, 206, 207, 208, 209, 210, 211, 212, 213, 214, 215, 216, 218, 219, 220, 221, 222, 224, 225, 226, 227, 228, 229, 230, 233, 235, 236, 237, 238, 239, 242, 243, 245, 246, 247, 248, 249, 250, 252, 253, 254, 255, 257, 260, 261, 263, 264, 265, 267, 268, 269, 270, 271, 272, 273, 276, 277, 278, 281, 282, 283, 285, 286, 287, 288, 289, 291, 293, 294, 295, 296, 297, 298, 299, 301, 302, 303, 304, 307, 308, 310, 311, 313, 314, 316, 317, 319, 320, 322, 324, 325, 326, 329, 330, 331, 332, 333, 334, 335, 337, 338, 341, 342, 346, 347, 349, 350, 353, 354, 356, 357, 358, 359, 360, 361, 362, 363, 364, 365, 366, 369, 370, 371, 372, 373, 375, 376, 377, 378, 379, 380, 382, 383, 384, 385, 386, 388, 389, 390, 391, 393, 394, 395, 396, 397, 398, 399, 400, 401, 403, 404, 406, 408, 409, 411, 412, 413, 415, 417, 418, 419, 420, 421, 422, 423, 424, 425, 427, 429, 431, 432, 433, 435, 436, 437, 438, 439, 441, 443, 444, 446, 447, 448, 449, 450, 451, 452, 453, 455, 456, 457, 458, 459, 460, 461, 462, 464, 467, 468, 470, 471, 472, 475, 476, 477, 478, 479, 480, 482, 483, 484, 485, 488, 489, 490, 492, 493, 495, 496, 498, 499] 
-------------------------
Solution for: 04AlmostStronglyCorrelated\n01000
Execution time: 203.40804600715637 sec
Capacity = 243336 
Total weight: 243315
Total value: 314138
Number of items: 708 
Packed weights: 708
Packed items: [0, 6, 7, 9, 11, 12, 13, 14, 15, 16, 17, 18, 21, 23, 24, 25, 26, 28, 29, 32, 34, 36, 38, 41, 42, 43, 44, 45, 46, 47, 48, 49, 50, 51, 53, 54, 55, 56, 57, 59, 62, 64, 65, 66, 67, 68, 70, 74, 75, 76, 78, 82, 84, 85, 86, 88, 90, 91, 92, 93, 94, 95, 98, 99, 101, 102, 103, 104, 106, 107, 108, 110, 111, 113, 116, 118, 119, 120, 122, 123, 127, 128, 130, 131, 132, 133, 134, 137, 138, 139, 140, 141, 144, 150, 151, 152, 153, 155, 156, 158, 159, 160, 161, 162, 163, 164, 166, 168, 169, 172, 178, 179, 180, 183, 184, 187, 189, 190, 191, 192, 194, 196, 197, 198, 199, 200, 201, 202, 203, 204, 205, 206, 207, 208, 209, 210, 211, 212, 213, 214, 215, 216, 218, 219, 220, 221, 222, 224, 225, 226, 227, 228, 229, 230, 233, 235, 236, 237, 238, 239, 242, 243, 245, 246, 247, 248, 249, 250, 252, 253, 254, 255, 257, 260, 261, 263, 264, 265, 267, 268, 269, 270, 271, 272, 273, 276, 277, 278, 281, 282, 283, 285, 286, 287, 288, 289, 291, 293, 294, 295, 296, 297, 298, 299, 301, 302, 303, 304, 307, 308, 310, 311, 313, 314, 316, 317, 319, 320, 322, 324, 325, 326, 329, 330, 331, 332, 333, 334, 335, 337, 338, 341, 342, 346, 347, 349, 350, 353, 354, 356, 357, 358, 359, 360, 361, 362, 363, 364, 365, 366, 369, 370, 371, 372, 373, 375, 376, 377, 378, 379, 380, 382, 383, 384, 385, 386, 388, 389, 390, 391, 393, 395, 396, 397, 398, 399, 400, 401, 403, 404, 406, 408, 409, 411, 412, 413, 415, 417, 418, 419, 420, 421, 422, 423, 424, 425, 427, 429, 431, 432, 433, 435, 436, 437, 438, 439, 441, 443, 444, 446, 447, 448, 449, 450, 451, 452, 453, 455, 456, 457, 458, 459, 460, 461, 462, 464, 467, 468, 470, 471, 472, 473, 475, 476, 477, 478, 479, 480, 482, 483, 484, 485, 488, 489, 490, 492, 493, 495, 496, 498, 499, 500, 502, 503, 504, 505, 507, 509, 510, 511, 512, 513, 514, 515, 516, 517, 518, 520, 521, 522, 523, 524, 525, 526, 527, 529, 531, 532, 533, 534, 535, 536, 537, 540, 541, 543, 544, 545, 546, 549, 550, 551, 552, 553, 554, 555, 556, 557, 558, 559, 560, 561, 562, 563, 564, 565, 567, 569, 571, 572, 574, 578, 580, 581, 582, 583, 584, 585, 586, 587, 589, 590, 591, 592, 593, 596, 597, 598, 599, 600, 601, 602, 605, 606, 607, 608, 609, 612, 613, 615, 616, 617, 620, 622, 623, 625, 626, 628, 629, 630, 632, 633, 634, 635, 636, 637, 639, 640, 641, 645, 646, 647, 649, 650, 651, 652, 653, 655, 657, 658, 660, 662, 663, 664, 665, 666, 667, 668, 669, 670, 671, 672, 673, 674, 679, 680, 682, 683, 684, 685, 686, 687, 688, 689, 690, 693, 695, 697, 699, 702, 705, 706, 707, 709, 711, 712, 713, 714, 715, 716, 719, 720, 721, 722, 723, 724, 725, 727, 728, 729, 730, 732, 733, 735, 736, 737, 741, 742, 743, 745, 746, 747, 749, 750, 751, 752, 753, 754, 755, 756, 757, 760, 761, 764, 766, 768, 769, 771, 772, 773, 774, 775, 776, 777, 778, 786, 788, 789, 790, 791, 792, 793, 794, 796, 797, 798, 799, 800, 801, 802, 803, 804, 807, 810, 811, 812, 813, 816, 817, 818, 821, 822, 823, 825, 826, 827, 828, 829, 830, 831, 832, 833, 835, 836, 838, 839, 841, 843, 844, 845, 846, 847, 848, 849, 850, 852, 853, 854, 855, 858, 859, 860, 862, 863, 865, 866, 867, 868, 870, 874, 878, 880, 883, 884, 885, 886, 887, 889, 890, 891, 892, 893, 896, 897, 900, 901, 902, 905, 906, 907, 908, 910, 912, 913, 915, 916, 917, 918, 919, 920, 921, 922, 924, 925, 926, 927, 929, 930, 932, 934, 935, 936, 937, 938, 939, 940, 941, 942, 943, 944, 945, 946, 948, 949, 954, 955, 957, 958, 960, 961, 963, 964, 966, 967, 968, 969, 970, 971, 972, 973, 974, 975, 977, 978, 981, 983, 984, 985, 986, 987, 989, 991, 992, 993, 995, 996, 997, 999] 
-------------------------
Solution for: 05SubsetSum\n00050
Execution time: 22.383769035339355 sec
Capacity = 12719 
Total weight: 12719
Total value: 12719
Number of items: 26 
Packed weights: 26
Packed items: [1, 2, 3, 4, 5, 6, 7, 8, 9, 10, 11, 12, 13, 14, 15, 16, 17, 18, 19, 20, 21, 22, 23, 25, 26, 29] 
-------------------------
Solution for: 05SubsetSum\n00100
Execution time: 0.001074075698852539 sec
Capacity = 24642 
Total weight: 24642
Total value: 24642
Number of items: 51 
Packed weights: 51
Packed items: [1, 2, 3, 4, 5, 6, 7, 8, 9, 10, 11, 12, 13, 14, 15, 16, 17, 18, 19, 20, 21, 22, 23, 24, 25, 26, 27, 28, 29, 30, 31, 32, 33, 34, 35, 36, 37, 38, 39, 40, 41, 42, 43, 44, 45, 47, 48, 50, 59, 66, 68] 
-------------------------
Solution for: 05SubsetSum\n00200
Execution time: 0.000823974609375 sec
Capacity = 53104 
Total weight: 53104
Total value: 53104
Number of items: 106 
Packed weights: 106
Packed items: [1, 2, 3, 4, 5, 6, 7, 8, 9, 10, 11, 12, 13, 14, 15, 16, 17, 18, 19, 20, 21, 22, 23, 24, 25, 27, 28, 29, 30, 31, 32, 33, 34, 35, 36, 37, 38, 39, 40, 41, 42, 43, 44, 45, 46, 47, 49, 50, 51, 52, 53, 54, 55, 56, 57, 58, 59, 60, 61, 62, 63, 64, 65, 66, 67, 68, 69, 70, 71, 72, 73, 74, 75, 76, 77, 78, 79, 80, 81, 82, 83, 84, 85, 86, 87, 88, 89, 90, 91, 92, 93, 94, 95, 96, 97, 98, 99, 100, 101, 102, 104, 105, 106, 110, 118, 160] 
-------------------------
Solution for: 05SubsetSum\n00500
Execution time: 0.0012891292572021484 sec
Capacity = 123199 
Total weight: 123199
Total value: 123199
Number of items: 239 
Packed weights: 239
Packed items: [0, 1, 2, 3, 4, 5, 6, 7, 8, 9, 10, 11, 12, 13, 14, 15, 16, 17, 18, 19, 20, 21, 22, 23, 24, 25, 26, 27, 28, 29, 30, 31, 32, 33, 34, 35, 36, 37, 38, 39, 40, 41, 42, 43, 44, 45, 46, 47, 48, 49, 50, 51, 52, 53, 54, 55, 56, 57, 58, 59, 60, 61, 62, 63, 64, 65, 66, 67, 68, 69, 70, 71, 72, 73, 74, 75, 76, 77, 78, 79, 80, 81, 82, 83, 84, 85, 86, 87, 88, 89, 90, 91, 92, 93, 94, 95, 96, 97, 98, 99, 100, 101, 102, 103, 104, 105, 106, 107, 108, 109, 110, 111, 112, 113, 114, 115, 116, 117, 118, 119, 120, 121, 122, 123, 124, 125, 126, 127, 128, 129, 130, 131, 132, 133, 134, 135, 136, 137, 138, 139, 140, 141, 142, 143, 144, 145, 146, 147, 148, 149, 150, 151, 152, 153, 154, 155, 156, 157, 158, 159, 160, 161, 162, 163, 164, 165, 166, 167, 168, 169, 170, 171, 172, 173, 174, 175, 176, 177, 178, 179, 180, 181, 182, 183, 184, 185, 186, 187, 188, 189, 190, 191, 192, 193, 194, 195, 196, 197, 198, 199, 200, 201, 202, 203, 204, 205, 206, 207, 208, 209, 210, 211, 212, 213, 214, 215, 216, 217, 218, 219, 220, 221, 222, 223, 224, 225, 226, 227, 228, 229, 230, 231, 232, 234, 235, 236, 237, 238, 239] 
-------------------------
Solution for: 05SubsetSum\n01000
Execution time: 0.003078937530517578 sec
Capacity = 243336 
Total weight: 243336
Total value: 243336
Number of items: 489 
Packed weights: 489
Packed items: [0, 1, 2, 3, 4, 5, 6, 7, 8, 9, 10, 11, 12, 13, 14, 15, 16, 17, 18, 19, 20, 21, 22, 23, 24, 25, 26, 27, 28, 29, 30, 31, 32, 33, 34, 35, 36, 37, 38, 39, 40, 41, 42, 43, 44, 45, 46, 47, 48, 49, 50, 51, 52, 53, 54, 55, 56, 57, 58, 59, 60, 61, 62, 63, 64, 65, 66, 67, 68, 69, 70, 71, 72, 73, 74, 75, 76, 77, 78, 79, 80, 81, 82, 83, 84, 85, 86, 87, 88, 89, 90, 91, 92, 93, 94, 95, 96, 97, 98, 99, 100, 101, 102, 103, 104, 105, 106, 107, 108, 109, 110, 111, 112, 113, 114, 115, 116, 117, 118, 119, 120, 121, 122, 123, 124, 125, 126, 127, 128, 129, 130, 131, 132, 133, 134, 135, 136, 137, 138, 139, 140, 141, 142, 143, 144, 145, 146, 147, 148, 149, 150, 151, 152, 153, 154, 155, 156, 157, 158, 159, 160, 161, 162, 163, 164, 165, 166, 167, 168, 169, 170, 171, 172, 173, 174, 175, 176, 177, 178, 179, 180, 181, 182, 183, 184, 185, 186, 187, 188, 189, 190, 191, 192, 193, 194, 195, 196, 197, 198, 199, 200, 201, 202, 203, 204, 205, 206, 207, 208, 209, 210, 211, 212, 213, 214, 215, 216, 217, 218, 219, 220, 221, 222, 223, 224, 225, 226, 227, 228, 229, 230, 231, 232, 233, 234, 235, 236, 237, 238, 239, 240, 241, 242, 243, 244, 245, 246, 247, 248, 249, 250, 251, 252, 253, 254, 255, 256, 257, 258, 259, 260, 261, 262, 263, 264, 265, 266, 267, 268, 269, 270, 271, 272, 273, 274, 275, 276, 277, 278, 279, 280, 281, 282, 283, 284, 285, 286, 287, 288, 289, 290, 291, 292, 293, 294, 295, 296, 297, 298, 299, 300, 301, 302, 303, 304, 305, 306, 307, 308, 309, 310, 311, 312, 313, 314, 315, 316, 317, 318, 319, 320, 321, 322, 323, 324, 325, 326, 327, 328, 329, 330, 331, 332, 333, 334, 335, 336, 337, 338, 339, 340, 341, 342, 343, 344, 345, 346, 347, 348, 349, 350, 351, 352, 353, 354, 355, 356, 357, 358, 359, 360, 361, 362, 363, 364, 365, 366, 367, 368, 369, 370, 371, 372, 373, 374, 375, 376, 377, 378, 379, 380, 381, 383, 384, 385, 386, 387, 388, 389, 390, 391, 392, 393, 394, 395, 396, 397, 398, 399, 400, 401, 402, 403, 404, 405, 406, 407, 408, 409, 410, 411, 412, 413, 414, 415, 416, 417, 418, 419, 420, 421, 422, 423, 424, 425, 426, 427, 428, 429, 430, 431, 432, 433, 434, 435, 436, 437, 438, 439, 440, 441, 442, 443, 444, 445, 446, 447, 448, 449, 450, 451, 452, 453, 454, 455, 456, 457, 458, 459, 460, 461, 462, 463, 464, 465, 466, 467, 468, 469, 470, 471, 472, 473, 474, 475, 476, 477, 478, 479, 480, 481, 482, 483, 484, 485, 486, 487, 488, 489] 
-------------------------
Solution for: 06UncorrelatedWithSimilarWeights\n00050
Execution time: 0.006154060363769531 sec
Capacity = 2476436 
Total weight: 2401442
Total value: 19503
Number of items: 24 
Packed weights: 24
Packed items: [0, 1, 2, 3, 4, 5, 8, 9, 10, 19, 20, 22, 24, 27, 30, 31, 33, 35, 37, 38, 39, 40, 47, 49] 
-------------------------
Solution for: 06UncorrelatedWithSimilarWeights\n00100
Execution time: 0.004593849182128906 sec
Capacity = 4953340 
Total weight: 4902512
Total value: 39025
Number of items: 49 
Packed weights: 49
Packed items: [0, 1, 2, 3, 4, 5, 8, 9, 10, 14, 15, 19, 20, 22, 24, 27, 30, 31, 33, 34, 35, 37, 38, 39, 40, 47, 49, 52, 56, 58, 60, 61, 63, 65, 69, 71, 72, 73, 77, 79, 80, 81, 83, 86, 87, 89, 90, 96, 97] 
-------------------------
Solution for: 06UncorrelatedWithSimilarWeights\n00200
Execution time: 0.0009200572967529297 sec
Capacity = 9905740 
Total weight: 9904796
Total value: 79002
Number of items: 99 
Packed weights: 99
Packed items: [0, 1, 2, 3, 4, 5, 8, 9, 10, 19, 20, 22, 24, 27, 30, 31, 33, 35, 37, 38, 39, 40, 47, 49, 52, 56, 58, 60, 61, 63, 69, 71, 72, 73, 77, 79, 80, 81, 83, 86, 87, 89, 96, 97, 100, 104, 105, 109, 112, 114, 115, 116, 117, 121, 124, 125, 126, 129, 135, 136, 137, 142, 143, 145, 146, 147, 148, 149, 151, 154, 155, 157, 158, 159, 163, 165, 166, 167, 169, 170, 171, 173, 174, 175, 176, 177, 181, 182, 184, 185, 186, 188, 189, 190, 192, 193, 194, 195, 199] 
-------------------------
Solution for: 06UncorrelatedWithSimilarWeights\n00500
Execution time: 180.01719903945923 sec
Capacity = 24764470 
Total weight: 24711907
Total value: 186275
Number of items: 247 
Packed weights: 247
Packed items: [0, 1, 2, 3, 4, 5, 8, 9, 10, 14, 15, 19, 20, 22, 24, 27, 30, 31, 33, 34, 35, 37, 38, 39, 40, 47, 49, 52, 56, 58, 60, 61, 63, 65, 69, 71, 72, 73, 76, 77, 79, 80, 81, 83, 86, 87, 89, 90, 96, 97, 100, 101, 104, 105, 109, 111, 112, 114, 115, 116, 117, 121, 124, 125, 126, 129, 135, 136, 137, 138, 142, 143, 145, 146, 147, 148, 149, 151, 154, 155, 157, 158, 159, 161, 163, 165, 166, 167, 169, 170, 171, 173, 174, 175, 176, 177, 178, 179, 181, 182, 184, 185, 186, 188, 189, 190, 192, 193, 194, 195, 199, 201, 202, 214, 215, 217, 223, 226, 228, 230, 231, 232, 234, 235, 238, 239, 240, 241, 242, 244, 247, 248, 250, 251, 256, 258, 259, 260, 262, 263, 266, 271, 274, 275, 277, 279, 280, 284, 286, 288, 289, 290, 292, 294, 297, 300, 301, 305, 306, 307, 309, 311, 312, 313, 315, 318, 321, 323, 324, 327, 328, 331, 332, 335, 336, 339, 340, 341, 343, 344, 345, 346, 348, 350, 351, 352, 355, 357, 360, 366, 367, 368, 372, 374, 377, 379, 380, 381, 382, 383, 385, 387, 388, 392, 394, 395, 397, 400, 402, 405, 407, 410, 411, 414, 415, 416, 418, 422, 426, 427, 428, 430, 431, 432, 433, 434, 440, 442, 445, 446, 454, 463, 465, 466, 467, 469, 471, 473, 474, 481, 486, 487, 490, 491, 492, 494, 497] 
-------------------------
Solution for: 06UncorrelatedWithSimilarWeights\n01000
Execution time: 18.843605041503906 sec
Capacity = 49529307 
Total weight: 49523855
Total value: 369485
Number of items: 495 
Packed weights: 495
Packed items: [0, 1, 2, 3, 4, 5, 8, 9, 10, 14, 15, 19, 20, 22, 24, 27, 30, 31, 33, 34, 35, 37, 38, 39, 40, 47, 49, 52, 56, 58, 60, 61, 63, 65, 69, 71, 72, 73, 76, 77, 79, 80, 81, 83, 86, 87, 89, 90, 96, 97, 100, 101, 104, 105, 109, 111, 112, 114, 115, 116, 117, 121, 124, 125, 126, 128, 129, 135, 136, 137, 138, 142, 143, 145, 146, 147, 148, 149, 151, 153, 154, 155, 157, 158, 159, 161, 163, 165, 166, 167, 169, 170, 171, 173, 174, 175, 176, 177, 178, 179, 181, 182, 184, 185, 186, 188, 189, 190, 192, 193, 194, 195, 199, 201, 202, 214, 215, 217, 223, 226, 228, 230, 231, 232, 234, 235, 238, 239, 240, 241, 242, 244, 247, 248, 250, 251, 256, 258, 259, 260, 262, 263, 266, 267, 271, 274, 275, 277, 279, 280, 284, 286, 288, 289, 290, 292, 294, 297, 300, 301, 305, 306, 307, 309, 311, 312, 313, 315, 318, 321, 323, 324, 327, 328, 331, 332, 335, 336, 339, 340, 341, 343, 344, 345, 346, 348, 350, 351, 352, 355, 357, 360, 366, 367, 368, 372, 373, 374, 377, 379, 380, 381, 382, 383, 385, 387, 388, 392, 394, 395, 397, 400, 402, 405, 407, 410, 411, 414, 415, 416, 418, 422, 426, 427, 428, 430, 431, 432, 433, 434, 440, 442, 445, 446, 454, 463, 465, 466, 467, 469, 471, 473, 474, 481, 486, 487, 490, 491, 492, 494, 497, 500, 501, 502, 506, 507, 508, 519, 521, 523, 527, 528, 529, 530, 533, 534, 535, 537, 538, 539, 542, 547, 548, 555, 558, 566, 567, 568, 569, 570, 571, 573, 574, 575, 576, 577, 579, 585, 588, 589, 594, 595, 596, 602, 603, 604, 606, 608, 610, 611, 614, 618, 619, 620, 621, 622, 624, 627, 629, 631, 636, 638, 642, 643, 644, 645, 648, 649, 653, 654, 656, 658, 659, 660, 661, 664, 665, 673, 675, 676, 677, 678, 679, 680, 681, 683, 684, 685, 690, 691, 692, 694, 696, 698, 699, 700, 701, 702, 703, 704, 705, 707, 708, 710, 711, 716, 717, 718, 719, 722, 723, 724, 726, 730, 731, 733, 734, 737, 738, 739, 740, 743, 744, 747, 748, 752, 753, 756, 757, 758, 759, 761, 762, 763, 765, 766, 767, 769, 770, 777, 779, 780, 781, 782, 783, 784, 785, 786, 787, 794, 795, 798, 801, 803, 804, 805, 806, 808, 809, 814, 815, 818, 819, 820, 821, 824, 825, 829, 834, 835, 837, 840, 842, 848, 851, 856, 857, 858, 861, 863, 864, 865, 866, 869, 871, 872, 873, 875, 876, 877, 879, 881, 882, 888, 894, 895, 898, 899, 900, 903, 904, 909, 911, 913, 914, 915, 918, 922, 923, 925, 927, 928, 931, 933, 935, 936, 937, 939, 946, 947, 949, 950, 951, 952, 953, 956, 959, 960, 962, 964, 965, 968, 969, 976, 979, 980, 982, 983, 985, 988, 990, 994, 995, 998, 999] 
-------------------------
Solution for: 07SpannerUncorrelated\n00050
Execution time: 2.8917500972747803 sec
Capacity = 9808 
Total weight: 9808
Total value: 7728
Number of items: 19 
Packed weights: 19
Packed items: [2, 5, 13, 14, 15, 16, 17, 19, 21, 28, 33, 34, 36, 38, 39, 41, 42, 46, 48] 
-------------------------
Solution for: 07SpannerUncorrelated\n00100
Execution time: 189.78292512893677 sec
Capacity = 21063 
Total weight: 21022
Total value: 16562
Number of items: 48 
Packed weights: 48
Packed items: [0, 1, 3, 7, 11, 13, 14, 15, 16, 17, 21, 22, 28, 29, 30, 32, 33, 34, 36, 37, 38, 39, 41, 42, 46, 48, 50, 52, 55, 56, 58, 60, 62, 65, 66, 69, 70, 71, 72, 73, 75, 76, 77, 78, 80, 81, 88, 98] 
-------------------------
Solution for: 07SpannerUncorrelated\n00200
Execution time: 307.73378109931946 sec
Capacity = 41847 
Total weight: 41847
Total value: 32977
Number of items: 93 
Packed weights: 93
Packed items: [0, 1, 3, 7, 11, 13, 14, 15, 16, 17, 21, 22, 28, 29, 30, 32, 33, 34, 36, 37, 38, 39, 41, 42, 46, 48, 50, 52, 55, 56, 58, 60, 62, 65, 66, 69, 70, 71, 72, 73, 75, 76, 77, 78, 79, 80, 81, 82, 83, 84, 85, 86, 87, 88, 90, 92, 94, 95, 97, 98, 105, 106, 109, 113, 115, 117, 118, 121, 123, 127, 133, 135, 136, 137, 142, 146, 148, 150, 151, 152, 153, 154, 155, 158, 161, 163, 165, 167, 168, 170, 175, 176, 196] 
-------------------------
Solution for: 07SpannerUncorrelated\n00500
Execution time: 272.3546290397644 sec
Capacity = 104142 
Total weight: 104125
Total value: 82075
Number of items: 222 
Packed weights: 222
Packed items: [0, 2, 5, 7, 11, 13, 14, 15, 16, 17, 21, 22, 28, 29, 30, 32, 33, 34, 36, 37, 38, 39, 41, 42, 46, 48, 50, 52, 55, 56, 58, 60, 62, 65, 66, 69, 70, 71, 72, 73, 75, 76, 77, 78, 79, 80, 81, 82, 83, 84, 85, 86, 87, 88, 90, 92, 94, 95, 97, 98, 105, 106, 109, 113, 115, 117, 118, 121, 123, 127, 133, 135, 136, 137, 142, 146, 148, 150, 151, 152, 153, 154, 155, 158, 159, 161, 163, 165, 167, 168, 169, 170, 173, 175, 176, 181, 186, 187, 188, 189, 190, 191, 195, 196, 200, 201, 203, 205, 211, 213, 214, 220, 229, 230, 231, 232, 233, 234, 238, 241, 243, 246, 248, 257, 258, 259, 261, 262, 264, 265, 266, 267, 271, 275, 281, 282, 283, 284, 285, 286, 287, 290, 292, 295, 299, 303, 307, 308, 311, 312, 313, 319, 320, 324, 327, 328, 330, 334, 335, 336, 337, 338, 339, 340, 343, 347, 348, 349, 350, 351, 353, 356, 357, 359, 363, 364, 366, 367, 369, 371, 374, 376, 377, 379, 380, 381, 382, 386, 387, 388, 389, 390, 391, 395, 398, 399, 400, 402, 405, 407, 408, 410, 412, 415, 416, 423, 426, 428, 429, 430, 432, 433, 434, 435, 436, 437, 438, 445, 447, 449, 452, 454] 
-------------------------
Solution for: 07SpannerUncorrelated\n01000
Execution time: 180.0716848373413 sec
Capacity = 210868 
Total weight: 210827
Total value: 166173
Number of items: 442 
Packed weights: 442
Packed items: [0, 1, 3, 7, 11, 13, 14, 15, 16, 17, 21, 22, 28, 29, 30, 32, 33, 34, 36, 37, 38, 39, 41, 42, 46, 48, 50, 52, 55, 56, 58, 60, 62, 65, 66, 69, 70, 71, 72, 73, 75, 76, 77, 78, 79, 80, 81, 82, 83, 84, 85, 86, 87, 88, 90, 92, 94, 95, 97, 98, 105, 106, 109, 113, 115, 117, 118, 121, 123, 127, 133, 135, 136, 137, 142, 146, 148, 150, 151, 152, 153, 154, 155, 158, 159, 161, 163, 165, 167, 168, 169, 170, 173, 175, 176, 181, 186, 187, 188, 189, 190, 191, 195, 196, 200, 201, 203, 205, 211, 213, 214, 220, 229, 230, 231, 232, 233, 234, 238, 241, 243, 246, 248, 257, 258, 259, 261, 262, 264, 265, 266, 267, 271, 275, 281, 282, 283, 284, 285, 286, 287, 290, 292, 295, 299, 303, 307, 308, 311, 312, 313, 319, 320, 324, 327, 328, 330, 334, 335, 336, 337, 338, 339, 340, 343, 347, 348, 349, 350, 351, 353, 356, 357, 359, 363, 364, 366, 367, 369, 371, 374, 376, 377, 379, 380, 381, 382, 386, 387, 388, 389, 390, 391, 395, 398, 399, 400, 402, 405, 407, 408, 410, 412, 415, 416, 423, 426, 428, 429, 430, 432, 433, 434, 435, 436, 437, 438, 445, 447, 449, 452, 453, 454, 455, 459, 460, 461, 463, 464, 465, 466, 467, 471, 472, 473, 474, 477, 480, 482, 487, 489, 490, 495, 500, 503, 505, 506, 507, 511, 514, 517, 521, 523, 524, 526, 530, 533, 534, 535, 536, 543, 544, 548, 549, 553, 555, 557, 558, 560, 563, 564, 565, 567, 569, 570, 573, 574, 575, 577, 578, 579, 581, 586, 589, 590, 592, 593, 596, 600, 601, 605, 606, 609, 610, 618, 619, 620, 621, 622, 628, 630, 634, 635, 636, 637, 639, 640, 643, 644, 646, 651, 655, 658, 662, 663, 664, 667, 671, 676, 684, 685, 686, 689, 690, 691, 692, 695, 697, 700, 702, 703, 706, 707, 708, 710, 711, 712, 713, 714, 716, 720, 721, 723, 725, 726, 728, 729, 731, 733, 736, 739, 740, 746, 747, 748, 749, 755, 758, 764, 765, 766, 767, 768, 769, 770, 772, 773, 775, 776, 777, 779, 781, 788, 794, 795, 796, 798, 799, 800, 801, 802, 803, 804, 807, 808, 809, 810, 812, 813, 814, 815, 817, 818, 820, 821, 822, 823, 824, 825, 827, 828, 832, 833, 834, 839, 841, 844, 846, 851, 852, 854, 856, 858, 861, 864, 865, 866, 875, 876, 877, 878, 880, 882, 884, 885, 886, 890, 891, 893, 899, 900, 901, 903, 908, 910, 912, 916, 920, 921, 960, 991, 995] 
-------------------------
Solution for: 08SpannerWeaklyCorrelated\n00050
Execution time: 58.44766879081726 sec
Capacity = 7688 
Total weight: 7683
Total value: 18104
Number of items: 25 
Packed weights: 25
Packed items: [0, 1, 5, 6, 7, 13, 14, 15, 16, 17, 21, 22, 28, 29, 30, 32, 33, 34, 36, 37, 38, 39, 41, 42, 46] 
-------------------------
Solution for: 08SpannerWeaklyCorrelated\n00100
Execution time: 178.73897194862366 sec
Capacity = 16528 
Total weight: 16527
Total value: 38960
Number of items: 48 
Packed weights: 48
Packed items: [0, 1, 5, 6, 7, 11, 13, 14, 15, 16, 17, 21, 22, 28, 29, 30, 32, 33, 34, 36, 37, 38, 39, 41, 42, 46, 48, 50, 52, 55, 56, 58, 60, 62, 65, 66, 69, 70, 71, 72, 73, 75, 76, 77, 78, 79, 81, 83] 
-------------------------
Solution for: 08SpannerWeaklyCorrelated\n00200
Execution time: 244.8848078250885 sec
Capacity = 32786 
Total weight: 32763
Total value: 77262
Number of items: 89 
Packed weights: 89
Packed items: [0, 2, 5, 7, 11, 13, 14, 15, 16, 17, 21, 22, 28, 29, 30, 32, 33, 34, 36, 37, 38, 39, 41, 42, 46, 48, 50, 52, 55, 56, 58, 60, 62, 65, 66, 69, 70, 71, 72, 73, 75, 76, 77, 78, 79, 80, 81, 82, 83, 84, 85, 86, 87, 88, 90, 92, 94, 95, 97, 98, 105, 106, 109, 113, 115, 117, 118, 121, 123, 127, 133, 135, 136, 137, 142, 146, 148, 150, 151, 152, 153, 154, 155, 158, 159, 161, 163, 168, 170] 
-------------------------
Solution for: 08SpannerWeaklyCorrelated\n00500
Execution time: 235.0150499343872 sec
Capacity = 81588 
Total weight: 81539
Total value: 192286
Number of items: 219 
Packed weights: 219
Packed items: [0, 2, 5, 7, 11, 13, 14, 15, 16, 17, 21, 22, 28, 29, 30, 32, 33, 34, 36, 37, 38, 39, 41, 42, 46, 48, 50, 52, 55, 56, 58, 60, 62, 65, 66, 69, 70, 71, 72, 73, 75, 76, 77, 78, 79, 80, 81, 82, 83, 84, 85, 86, 87, 88, 90, 92, 94, 95, 97, 98, 105, 106, 109, 113, 115, 117, 118, 121, 123, 127, 133, 135, 136, 137, 142, 146, 148, 150, 151, 152, 153, 154, 155, 158, 159, 161, 163, 165, 167, 168, 169, 170, 173, 175, 176, 181, 186, 187, 188, 189, 190, 191, 195, 196, 200, 201, 203, 205, 211, 213, 214, 220, 229, 230, 231, 232, 233, 234, 238, 241, 243, 246, 248, 257, 258, 259, 261, 262, 264, 265, 266, 267, 271, 275, 281, 282, 283, 284, 285, 286, 287, 290, 292, 295, 299, 303, 307, 308, 311, 312, 313, 319, 320, 324, 327, 328, 330, 334, 335, 336, 337, 338, 339, 340, 343, 347, 348, 349, 350, 351, 353, 356, 357, 359, 363, 364, 366, 367, 369, 371, 374, 376, 377, 379, 380, 381, 382, 386, 387, 388, 389, 390, 391, 395, 398, 399, 400, 402, 405, 407, 408, 410, 412, 415, 416, 423, 426, 428, 429, 430, 432, 433, 434, 435, 436, 437, 438, 445, 447] 
-------------------------
Solution for: 08SpannerWeaklyCorrelated\n01000
Execution time: 252.18168807029724 sec
Capacity = 165198 
Total weight: 165155
Total value: 389470
Number of items: 437 
Packed weights: 437
Packed items: [0, 2, 5, 7, 11, 13, 14, 15, 16, 17, 21, 22, 28, 29, 30, 32, 33, 34, 36, 37, 38, 39, 41, 42, 46, 48, 50, 52, 55, 56, 58, 60, 62, 65, 66, 69, 70, 71, 72, 73, 75, 76, 77, 78, 79, 80, 81, 82, 83, 84, 85, 86, 87, 88, 90, 92, 94, 95, 97, 98, 105, 106, 109, 113, 115, 117, 118, 121, 123, 127, 133, 135, 136, 137, 142, 146, 148, 150, 151, 152, 153, 154, 155, 158, 159, 161, 163, 165, 167, 168, 169, 170, 173, 175, 176, 181, 186, 187, 188, 189, 190, 191, 195, 196, 200, 201, 203, 205, 211, 213, 214, 220, 229, 230, 231, 232, 233, 234, 238, 241, 243, 246, 248, 257, 258, 259, 261, 262, 264, 265, 266, 267, 271, 275, 281, 282, 283, 284, 285, 286, 287, 290, 292, 295, 299, 303, 307, 308, 311, 312, 313, 319, 320, 324, 327, 328, 330, 334, 335, 336, 337, 338, 339, 340, 343, 347, 348, 349, 350, 351, 353, 356, 357, 359, 363, 364, 366, 367, 369, 371, 374, 376, 377, 379, 380, 381, 382, 386, 387, 388, 389, 390, 391, 395, 398, 399, 400, 402, 405, 407, 408, 410, 412, 415, 416, 423, 426, 428, 429, 430, 432, 433, 434, 435, 436, 437, 438, 445, 447, 449, 452, 453, 454, 455, 459, 460, 461, 463, 464, 465, 466, 467, 471, 472, 473, 474, 477, 480, 482, 487, 489, 490, 495, 500, 503, 505, 506, 507, 511, 514, 517, 521, 523, 524, 526, 530, 533, 534, 535, 536, 543, 544, 548, 549, 553, 555, 557, 558, 560, 563, 564, 565, 567, 569, 570, 573, 574, 575, 577, 578, 579, 581, 586, 589, 590, 592, 593, 596, 600, 601, 605, 606, 609, 610, 618, 619, 620, 621, 622, 628, 630, 634, 635, 636, 637, 639, 640, 643, 644, 646, 651, 655, 658, 662, 663, 664, 667, 671, 676, 684, 685, 686, 689, 690, 691, 692, 695, 697, 700, 702, 703, 706, 707, 708, 710, 711, 712, 713, 714, 716, 720, 721, 723, 725, 726, 728, 729, 731, 733, 736, 739, 740, 746, 747, 748, 749, 755, 758, 764, 765, 766, 767, 768, 769, 770, 772, 773, 775, 776, 777, 779, 781, 788, 794, 795, 796, 798, 799, 800, 801, 802, 803, 804, 807, 808, 809, 810, 812, 813, 814, 815, 817, 818, 820, 821, 822, 823, 824, 825, 827, 828, 832, 833, 834, 839, 841, 844, 846, 851, 852, 854, 856, 858, 861, 864, 865, 866, 875, 876, 877, 878, 880, 882, 884, 885, 886, 890, 891, 893, 899, 900, 901, 903, 908, 910, 912, 914] 
-------------------------
Solution for: 09SpannerStronglyCorrelated\n00050
Execution time: 58.29211616516113 sec
Capacity = 7814 
Total weight: 7813
Total value: 21313
Number of items: 28 
Packed weights: 28
Packed items: [0, 2, 3, 4, 5, 7, 9, 10, 11, 12, 13, 15, 19, 20, 21, 23, 24, 25, 26, 27, 28, 32, 36, 41, 44, 45, 46, 48] 
-------------------------
Solution for: 09SpannerStronglyCorrelated\n00100
Execution time: 180.10719299316406 sec
Capacity = 16600 
Total weight: 16592
Total value: 44492
Number of items: 56 
Packed weights: 56
Packed items: [2, 3, 4, 5, 6, 7, 8, 9, 10, 11, 12, 13, 14, 15, 16, 17, 18, 19, 20, 21, 22, 23, 24, 25, 26, 27, 28, 29, 32, 33, 34, 35, 36, 38, 40, 41, 44, 45, 46, 48, 50, 52, 54, 55, 58, 60, 62, 64, 65, 68, 69, 75, 86, 90, 92, 94] 
-------------------------
Solution for: 09SpannerStronglyCorrelated\n00200
Execution time: 276.7029640674591 sec
Capacity = 32802 
Total weight: 32761
Total value: 90261
Number of items: 102 
Packed weights: 102
Packed items: [0, 1, 2, 3, 4, 5, 6, 7, 8, 9, 10, 11, 13, 14, 16, 19, 20, 21, 24, 25, 26, 27, 28, 32, 36, 41, 44, 45, 46, 48, 50, 52, 54, 55, 58, 60, 62, 64, 65, 68, 69, 75, 90, 92, 94, 97, 100, 101, 102, 103, 104, 105, 108, 109, 111, 112, 113, 115, 117, 120, 121, 123, 125, 126, 127, 129, 130, 131, 132, 133, 135, 139, 140, 141, 142, 144, 145, 146, 148, 150, 157, 158, 161, 163, 165, 167, 172, 173, 175, 178, 179, 180, 181, 183, 184, 185, 186, 193, 194, 195, 198, 199] 
-------------------------
Solution for: 09SpannerStronglyCorrelated\n00500
Execution time: 240.44997191429138 sec
Capacity = 81687 
Total weight: 81672
Total value: 225472
Number of items: 275 
Packed weights: 275
Packed items: [2, 3, 4, 5, 6, 7, 8, 9, 10, 11, 12, 13, 14, 15, 16, 17, 18, 19, 20, 21, 22, 23, 24, 25, 26, 27, 28, 29, 31, 32, 33, 34, 35, 36, 37, 38, 41, 42, 44, 45, 46, 48, 50, 52, 54, 55, 58, 60, 62, 64, 65, 68, 69, 75, 86, 90, 92, 94, 97, 100, 101, 102, 103, 104, 105, 108, 109, 111, 112, 113, 115, 117, 120, 121, 123, 125, 126, 127, 129, 130, 131, 132, 133, 135, 139, 140, 141, 142, 144, 145, 146, 148, 150, 157, 158, 161, 163, 165, 167, 172, 173, 175, 178, 179, 180, 181, 183, 184, 185, 186, 193, 194, 195, 198, 199, 200, 203, 205, 207, 208, 209, 210, 211, 213, 216, 217, 218, 219, 220, 222, 223, 224, 225, 226, 227, 228, 229, 236, 237, 238, 240, 241, 243, 245, 246, 248, 250, 251, 252, 253, 254, 255, 256, 257, 261, 264, 269, 270, 271, 273, 274, 275, 277, 278, 279, 280, 281, 289, 290, 292, 294, 295, 297, 298, 299, 301, 302, 303, 305, 306, 307, 310, 311, 315, 316, 317, 318, 319, 322, 323, 324, 326, 327, 330, 332, 333, 334, 342, 343, 345, 346, 347, 353, 355, 356, 359, 361, 362, 363, 366, 369, 371, 373, 374, 376, 379, 384, 385, 386, 393, 394, 395, 397, 398, 402, 404, 405, 407, 410, 412, 414, 415, 418, 419, 420, 421, 422, 423, 425, 426, 428, 432, 440, 441, 442, 443, 444, 445, 447, 449, 451, 452, 457, 458, 459, 463, 469, 470, 471, 476, 477, 479, 480, 482, 484, 485, 486, 487, 489, 492, 493, 494, 495, 498, 499] 
-------------------------
Solution for: 09SpannerStronglyCorrelated\n01000
Execution time: 246.0937352180481 sec
Capacity = 165436 
Total weight: 165430
Total value: 457030
Number of items: 553 
Packed weights: 553
Packed items: [2, 3, 4, 5, 6, 7, 8, 9, 10, 11, 12, 13, 14, 15, 16, 17, 18, 19, 20, 21, 22, 23, 24, 25, 26, 27, 28, 29, 30, 31, 32, 33, 34, 35, 36, 37, 38, 39, 40, 41, 42, 43, 44, 45, 46, 47, 48, 49, 50, 51, 52, 53, 54, 55, 56, 57, 58, 60, 61, 62, 63, 64, 65, 66, 67, 68, 69, 73, 75, 87, 90, 92, 94, 97, 100, 101, 102, 103, 104, 105, 108, 109, 111, 112, 113, 115, 117, 120, 121, 123, 125, 126, 127, 129, 130, 131, 132, 133, 135, 139, 140, 141, 142, 144, 145, 146, 148, 150, 157, 158, 161, 163, 165, 167, 172, 173, 175, 178, 179, 180, 181, 183, 184, 185, 186, 193, 194, 195, 198, 199, 200, 203, 205, 207, 208, 209, 210, 211, 213, 216, 217, 218, 219, 220, 222, 223, 224, 225, 226, 227, 228, 229, 236, 237, 238, 240, 241, 243, 245, 246, 248, 250, 251, 252, 253, 254, 255, 256, 257, 261, 264, 269, 270, 271, 273, 274, 275, 277, 278, 279, 280, 281, 289, 290, 292, 294, 295, 297, 298, 299, 301, 302, 303, 305, 306, 307, 310, 311, 315, 316, 317, 318, 319, 322, 323, 324, 326, 327, 330, 332, 333, 334, 342, 343, 345, 346, 347, 353, 355, 356, 359, 361, 362, 363, 366, 369, 371, 373, 374, 376, 379, 384, 385, 386, 393, 394, 395, 397, 398, 402, 404, 405, 407, 410, 412, 414, 415, 418, 419, 420, 421, 422, 423, 425, 426, 428, 432, 440, 441, 442, 443, 444, 445, 447, 449, 451, 452, 457, 458, 459, 463, 469, 470, 471, 476, 477, 479, 480, 482, 484, 485, 486, 487, 489, 492, 493, 494, 495, 497, 498, 499, 500, 502, 503, 505, 509, 510, 511, 513, 514, 516, 517, 519, 520, 521, 523, 526, 528, 529, 530, 532, 533, 538, 539, 540, 541, 542, 543, 546, 547, 548, 551, 552, 553, 555, 557, 560, 562, 563, 567, 569, 572, 573, 577, 581, 583, 584, 585, 586, 588, 589, 592, 595, 596, 598, 599, 600, 603, 604, 605, 608, 609, 612, 613, 614, 615, 616, 617, 618, 624, 625, 626, 627, 628, 630, 632, 633, 634, 639, 642, 643, 646, 648, 649, 650, 651, 653, 654, 655, 657, 658, 660, 661, 662, 666, 667, 669, 670, 671, 673, 674, 675, 676, 678, 679, 680, 681, 682, 683, 684, 688, 689, 694, 695, 697, 699, 700, 702, 705, 706, 710, 716, 718, 719, 720, 723, 725, 728, 731, 733, 735, 736, 738, 739, 742, 743, 744, 745, 746, 751, 752, 753, 754, 755, 757, 758, 760, 761, 762, 763, 764, 772, 775, 779, 781, 783, 784, 785, 786, 787, 788, 790, 791, 792, 793, 794, 798, 806, 807, 812, 817, 820, 827, 830, 831, 832, 836, 837, 838, 839, 841, 843, 844, 846, 848, 849, 850, 851, 854, 856, 858, 860, 861, 863, 864, 868, 869, 870, 871, 872, 873, 874, 875, 880, 882, 884, 888, 889, 890, 893, 895, 896, 897, 898, 899, 903, 905, 906, 907, 908, 910, 912, 914, 916, 918, 919, 920, 924, 925, 926, 927, 929, 931, 932, 938, 939, 942, 943, 947, 948, 953, 955, 957, 960, 963, 964, 965, 968, 970, 971, 972, 974, 975, 977, 978, 980, 982, 984, 985, 986, 987, 990, 999] 
-------------------------
Solution for: 10MultipleStronglyCorrelated\n00050
Execution time: 35.28514099121094 sec
Capacity = 12714 
Total weight: 12713
Total value: 20813
Number of items: 35 
Packed weights: 35
Packed items: [2, 6, 7, 11, 12, 13, 14, 15, 16, 17, 18, 20, 21, 22, 23, 24, 25, 26, 28, 29, 32, 34, 35, 36, 38, 40, 41, 42, 43, 44, 45, 46, 47, 48, 49] 
-------------------------
Solution for: 10MultipleStronglyCorrelated\n00100
Execution time: 0.011904001235961914 sec
Capacity = 24642 
Total weight: 24642
Total value: 40642
Number of items: 71 
Packed weights: 71
Packed items: [6, 7, 11, 12, 13, 14, 15, 16, 17, 18, 20, 21, 22, 23, 24, 25, 26, 28, 29, 32, 34, 35, 36, 38, 40, 41, 42, 43, 44, 45, 46, 47, 48, 49, 50, 51, 53, 54, 55, 57, 59, 60, 61, 62, 64, 65, 66, 67, 68, 70, 71, 72, 74, 75, 76, 78, 80, 82, 84, 85, 86, 88, 90, 91, 92, 93, 94, 95, 96, 98, 99] 
-------------------------
Solution for: 10MultipleStronglyCorrelated\n00200
Execution time: 180.00253224372864 sec
Capacity = 53100 
Total weight: 53100
Total value: 84200
Number of items: 137 
Packed weights: 137
Packed items: [0, 6, 7, 9, 11, 12, 13, 14, 15, 16, 17, 18, 21, 22, 23, 24, 25, 26, 28, 29, 32, 34, 35, 36, 40, 41, 42, 43, 44, 45, 46, 47, 48, 49, 50, 51, 53, 54, 55, 56, 57, 59, 60, 62, 64, 65, 66, 67, 68, 70, 72, 74, 75, 76, 78, 80, 82, 84, 85, 86, 88, 90, 91, 92, 93, 94, 95, 96, 98, 99, 101, 102, 103, 104, 106, 107, 108, 110, 111, 113, 114, 116, 118, 119, 120, 122, 123, 127, 128, 130, 131, 132, 133, 134, 137, 138, 139, 140, 141, 144, 147, 148, 150, 152, 153, 155, 156, 158, 159, 160, 161, 162, 163, 164, 166, 167, 168, 169, 170, 172, 174, 175, 178, 179, 180, 183, 185, 187, 189, 190, 191, 192, 194, 196, 197, 198, 199] 
-------------------------
Solution for: 10MultipleStronglyCorrelated\n00500
Execution time: 201.78355503082275 sec
Capacity = 123198 
Total weight: 123198
Total value: 201698
Number of items: 347 
Packed weights: 347
Packed items: [0, 6, 7, 11, 12, 13, 14, 15, 16, 17, 18, 21, 22, 23, 24, 25, 26, 28, 29, 32, 34, 35, 36, 40, 41, 42, 43, 44, 45, 46, 47, 48, 49, 50, 51, 53, 54, 55, 57, 59, 60, 62, 64, 65, 66, 67, 68, 70, 71, 72, 74, 75, 76, 78, 80, 82, 84, 85, 86, 88, 90, 91, 92, 93, 94, 95, 96, 98, 99, 101, 102, 103, 104, 106, 107, 108, 110, 111, 113, 114, 117, 118, 119, 120, 122, 123, 127, 128, 130, 131, 132, 133, 134, 137, 138, 139, 140, 141, 144, 150, 152, 153, 156, 159, 160, 161, 162, 163, 164, 166, 167, 168, 170, 172, 174, 178, 179, 180, 183, 185, 187, 189, 190, 191, 192, 196, 197, 198, 200, 202, 203, 204, 205, 206, 207, 208, 209, 210, 211, 212, 213, 214, 215, 216, 218, 219, 220, 221, 222, 224, 225, 226, 227, 228, 229, 230, 233, 236, 237, 238, 239, 242, 243, 244, 245, 246, 247, 248, 249, 250, 252, 253, 254, 255, 257, 260, 261, 263, 264, 265, 267, 268, 269, 270, 271, 272, 273, 276, 277, 278, 279, 281, 282, 283, 285, 286, 287, 289, 290, 291, 293, 294, 295, 296, 297, 298, 299, 301, 302, 303, 304, 306, 307, 308, 310, 311, 314, 315, 316, 317, 318, 319, 320, 322, 325, 326, 329, 330, 331, 332, 333, 334, 335, 337, 338, 340, 342, 346, 347, 349, 353, 354, 355, 356, 357, 358, 359, 360, 361, 362, 363, 364, 365, 366, 369, 370, 371, 372, 373, 375, 376, 378, 380, 382, 384, 385, 386, 388, 389, 390, 391, 393, 394, 396, 398, 399, 400, 401, 403, 404, 406, 407, 408, 409, 412, 413, 415, 417, 418, 419, 420, 421, 422, 423, 424, 425, 427, 429, 430, 431, 432, 433, 435, 436, 437, 438, 439, 441, 443, 444, 447, 448, 449, 450, 451, 452, 453, 455, 456, 457, 458, 459, 460, 461, 462, 464, 468, 470, 472, 475, 476, 477, 478, 479, 480, 482, 483, 484, 485, 488, 489, 493, 495, 496, 497, 498, 499] 
-------------------------
Solution for: 10MultipleStronglyCorrelated\n01000
Execution time: 23.657521963119507 sec
Capacity = 243336 
Total weight: 243336
Total value: 399336
Number of items: 700 
Packed weights: 700
Packed items: [0, 6, 7, 11, 12, 13, 14, 15, 16, 17, 18, 21, 22, 23, 24, 25, 26, 28, 29, 32, 34, 35, 36, 40, 41, 42, 43, 44, 45, 46, 47, 48, 49, 50, 51, 53, 54, 55, 57, 59, 60, 62, 64, 65, 66, 67, 68, 70, 71, 72, 74, 75, 76, 78, 80, 82, 84, 85, 86, 88, 90, 91, 92, 93, 94, 95, 96, 98, 99, 101, 102, 103, 104, 106, 107, 108, 110, 111, 113, 114, 116, 118, 119, 120, 122, 123, 127, 128, 130, 131, 132, 133, 134, 137, 138, 139, 140, 141, 144, 150, 152, 153, 156, 159, 160, 161, 162, 163, 164, 166, 167, 168, 170, 172, 174, 178, 179, 180, 183, 185, 187, 189, 190, 191, 192, 194, 196, 197, 198, 200, 203, 204, 205, 206, 207, 208, 209, 210, 211, 212, 213, 214, 215, 216, 218, 219, 220, 221, 222, 224, 225, 226, 227, 228, 229, 230, 233, 236, 237, 238, 239, 242, 243, 244, 245, 246, 247, 248, 249, 250, 252, 253, 254, 255, 257, 260, 261, 263, 264, 265, 267, 268, 269, 270, 271, 272, 273, 276, 277, 278, 279, 281, 282, 283, 285, 286, 287, 289, 290, 291, 293, 294, 295, 296, 297, 298, 299, 301, 302, 303, 304, 306, 307, 308, 310, 311, 313, 314, 315, 316, 317, 318, 319, 320, 322, 325, 326, 329, 330, 331, 332, 333, 334, 335, 337, 338, 340, 342, 346, 347, 349, 353, 354, 355, 356, 357, 358, 359, 360, 361, 362, 363, 364, 365, 366, 369, 370, 371, 372, 373, 375, 376, 378, 380, 382, 383, 384, 385, 386, 388, 389, 390, 391, 393, 394, 396, 398, 399, 400, 401, 403, 404, 406, 407, 408, 409, 412, 413, 415, 417, 418, 419, 420, 421, 422, 423, 424, 425, 427, 429, 430, 431, 432, 433, 435, 436, 437, 438, 439, 441, 443, 444, 446, 447, 448, 449, 450, 451, 452, 453, 455, 456, 457, 458, 459, 460, 461, 462, 464, 468, 470, 472, 475, 476, 477, 478, 479, 480, 482, 483, 484, 485, 488, 489, 493, 495, 496, 497, 498, 499, 500, 502, 503, 504, 505, 507, 508, 509, 510, 511, 512, 513, 514, 515, 516, 517, 518, 520, 521, 522, 523, 524, 525, 526, 527, 529, 531, 532, 533, 534, 535, 536, 537, 538, 540, 541, 543, 544, 545, 546, 549, 550, 551, 552, 553, 554, 555, 556, 557, 559, 560, 561, 562, 563, 564, 565, 567, 571, 572, 577, 578, 580, 581, 582, 583, 584, 586, 587, 589, 590, 591, 592, 593, 596, 597, 598, 599, 600, 601, 602, 605, 606, 607, 609, 612, 613, 615, 616, 617, 618, 620, 622, 623, 625, 626, 628, 629, 630, 631, 632, 633, 634, 635, 636, 637, 639, 640, 641, 645, 646, 647, 649, 650, 651, 652, 655, 656, 657, 659, 660, 662, 663, 664, 665, 666, 667, 668, 669, 670, 671, 672, 674, 676, 677, 679, 680, 682, 683, 685, 686, 687, 688, 689, 690, 693, 694, 695, 697, 705, 706, 707, 709, 711, 712, 713, 714, 715, 716, 717, 719, 720, 721, 723, 725, 727, 728, 729, 730, 732, 733, 735, 736, 737, 741, 742, 743, 745, 746, 747, 749, 750, 751, 752, 753, 754, 755, 756, 760, 761, 764, 768, 771, 772, 773, 774, 775, 776, 777, 778, 782, 783, 786, 788, 789, 790, 791, 792, 793, 796, 797, 798, 799, 800, 801, 802, 803, 804, 807, 810, 811, 812, 813, 814, 816, 817, 818, 821, 822, 823, 825, 826, 827, 828, 830, 831, 832, 833, 835, 836, 838, 839, 841, 843, 844, 845, 846, 847, 848, 849, 850, 852, 853, 854, 855, 858, 859, 860, 862, 863, 866, 867, 868, 870, 874, 878, 880, 883, 884, 885, 886, 887, 889, 890, 891, 892, 893, 896, 897, 900, 901, 902, 905, 906, 907, 908, 910, 912, 913, 916, 917, 919, 920, 921, 922, 924, 925, 926, 927, 928, 929, 930, 932, 934, 935, 936, 938, 939, 940, 941, 942, 943, 944, 945, 948, 949, 950, 954, 955, 957, 958, 960, 961, 963, 964, 966, 967, 968, 969, 970, 971, 972, 973, 974, 975, 977, 978, 981, 983, 984, 985, 986, 987, 989, 991, 992, 993, 995, 996, 997, 999] 
-------------------------
Solution for: 11ProfitCeiling\n00050
Execution time: 0.07160115242004395 sec
Capacity = 12719 
Total weight: 12718
Total value: 12708
Number of items: 21 
Packed weights: 21
Packed items: [1, 2, 3, 6, 9, 10, 11, 15, 20, 22, 24, 28, 29, 31, 34, 35, 37, 38, 40, 45, 49] 
-------------------------
Solution for: 11ProfitCeiling\n00100
Execution time: 1.5153107643127441 sec
Capacity = 24642 
Total weight: 24640
Total value: 24627
Number of items: 37 
Packed weights: 37
Packed items: [1, 3, 6, 10, 11, 20, 22, 24, 28, 29, 31, 34, 35, 38, 39, 40, 45, 47, 49, 52, 56, 58, 60, 65, 71, 72, 73, 74, 76, 80, 83, 87, 89, 90, 96, 97, 98] 
-------------------------
Solution for: 11ProfitCeiling\n00200
Execution time: 180.53649592399597 sec
Capacity = 53104 
Total weight: 53103
Total value: 53082
Number of items: 84 
Packed weights: 84
Packed items: [1, 2, 6, 10, 11, 20, 22, 24, 28, 29, 31, 34, 35, 39, 40, 45, 49, 52, 56, 58, 60, 65, 71, 72, 73, 74, 76, 80, 83, 87, 89, 90, 96, 97, 98, 100, 101, 104, 106, 110, 114, 117, 119, 120, 124, 125, 128, 130, 133, 134, 136, 137, 139, 140, 141, 142, 143, 145, 146, 149, 151, 153, 156, 160, 163, 165, 166, 167, 168, 169, 170, 171, 172, 173, 174, 177, 178, 181, 185, 188, 190, 192, 193, 199] 
-------------------------
Solution for: 11ProfitCeiling\n00500
Execution time: 142.92162799835205 sec
Capacity = 123199 
Total weight: 123199
Total value: 123153
Number of items: 211 
Packed weights: 211
Packed items: [1, 2, 3, 6, 10, 11, 20, 22, 24, 28, 29, 31, 34, 35, 39, 40, 45, 49, 52, 56, 58, 60, 65, 71, 72, 73, 74, 76, 80, 83, 87, 89, 90, 96, 98, 100, 101, 104, 106, 110, 114, 117, 119, 120, 124, 125, 128, 129, 130, 133, 134, 136, 137, 139, 140, 141, 142, 143, 145, 146, 149, 151, 153, 156, 157, 160, 163, 165, 166, 167, 168, 169, 170, 171, 172, 173, 174, 177, 178, 181, 185, 188, 190, 192, 193, 195, 199, 203, 208, 211, 213, 214, 215, 217, 220, 221, 223, 228, 232, 233, 234, 239, 240, 242, 244, 246, 249, 250, 251, 253, 256, 262, 266, 267, 269, 272, 273, 279, 281, 285, 286, 288, 290, 294, 296, 298, 301, 304, 306, 307, 308, 311, 312, 313, 315, 318, 320, 321, 323, 327, 332, 337, 338, 339, 340, 343, 344, 345, 346, 348, 353, 355, 356, 358, 359, 366, 368, 369, 370, 371, 374, 375, 382, 383, 384, 385, 386, 387, 391, 393, 394, 400, 402, 404, 406, 407, 408, 413, 414, 415, 418, 426, 427, 428, 430, 434, 435, 444, 447, 452, 455, 456, 458, 459, 461, 462, 463, 464, 469, 471, 473, 474, 478, 480, 483, 486, 487, 494, 497, 498, 499] 
-------------------------
Solution for: 11ProfitCeiling\n01000
Execution time: 201.3173110485077 sec
Capacity = 243336 
Total weight: 243334
Total value: 243240
Number of items: 423 
Packed weights: 423
Packed items: [1, 2, 3, 6, 10, 11, 20, 22, 24, 28, 29, 31, 34, 35, 39, 40, 45, 49, 52, 56, 58, 60, 65, 71, 72, 73, 74, 76, 80, 83, 87, 89, 90, 96, 97, 98, 100, 101, 104, 106, 110, 114, 117, 119, 120, 124, 125, 128, 130, 133, 134, 136, 137, 139, 140, 141, 142, 143, 145, 146, 149, 151, 153, 156, 157, 160, 163, 165, 166, 167, 168, 169, 170, 171, 172, 173, 174, 177, 178, 181, 185, 188, 190, 192, 193, 199, 203, 208, 211, 213, 214, 215, 217, 220, 221, 223, 228, 232, 233, 234, 239, 240, 242, 244, 246, 249, 250, 251, 253, 256, 262, 266, 267, 269, 272, 273, 279, 281, 285, 286, 288, 290, 294, 296, 298, 301, 304, 306, 307, 308, 311, 313, 315, 318, 320, 321, 323, 327, 332, 337, 338, 339, 340, 343, 344, 345, 346, 348, 353, 355, 356, 358, 359, 366, 368, 369, 370, 371, 374, 375, 382, 383, 384, 385, 386, 387, 391, 393, 394, 400, 402, 404, 406, 407, 408, 413, 414, 415, 426, 427, 428, 430, 434, 435, 444, 447, 452, 455, 456, 458, 459, 461, 462, 463, 464, 469, 471, 473, 478, 480, 483, 486, 494, 497, 498, 499, 500, 501, 502, 503, 505, 507, 508, 509, 511, 515, 516, 519, 520, 526, 528, 532, 533, 538, 539, 541, 545, 548, 554, 556, 563, 566, 568, 570, 573, 575, 576, 577, 579, 582, 589, 591, 598, 599, 602, 605, 606, 609, 610, 611, 613, 614, 616, 618, 619, 621, 622, 625, 627, 628, 631, 632, 633, 637, 641, 643, 644, 647, 648, 652, 654, 656, 659, 660, 661, 667, 668, 672, 676, 677, 678, 680, 681, 682, 683, 686, 687, 691, 694, 696, 698, 700, 701, 704, 708, 709, 710, 713, 716, 717, 720, 725, 727, 728, 731, 732, 733, 735, 736, 738, 739, 740, 741, 742, 745, 747, 748, 759, 762, 763, 767, 770, 771, 775, 778, 779, 781, 782, 783, 784, 785, 787, 791, 792, 793, 794, 796, 802, 803, 805, 806, 808, 811, 812, 814, 817, 820, 821, 824, 826, 834, 836, 837, 840, 841, 842, 846, 849, 850, 851, 856, 860, 862, 863, 864, 866, 868, 870, 872, 873, 875, 876, 877, 879, 880, 881, 894, 895, 898, 899, 902, 903, 908, 909, 913, 914, 917, 919, 920, 922, 923, 926, 927, 928, 932, 933, 937, 938, 939, 940, 947, 949, 950, 957, 962, 963, 964, 967, 968, 972, 975, 977, 978, 979, 980, 986, 987, 988, 990, 991, 992, 998, 999] 
-------------------------
Solution for: 12Circle\n00050
Execution time: 36.63422513008118 sec
Capacity = 12719 
Total weight: 12719
Total value: 268001
Number of items: 19 
Packed weights: 19
Packed items: [3, 7, 8, 9, 10, 11, 19, 24, 25, 27, 29, 30, 31, 33, 35, 37, 38, 44, 49] 
-------------------------
Solution for: 12Circle\n00100
Execution time: 0.06617498397827148 sec
Capacity = 24642 
Total weight: 24642
Total value: 519231
Number of items: 33 
Packed weights: 33
Packed items: [3, 7, 8, 9, 10, 19, 24, 25, 27, 30, 31, 33, 35, 37, 38, 47, 49, 50, 52, 56, 61, 63, 64, 65, 69, 70, 72, 73, 77, 79, 81, 83, 97] 
-------------------------
Solution for: 12Circle\n00200
Execution time: 176.77668690681458 sec
Capacity = 53104 
Total weight: 53104
Total value: 1118954
Number of items: 75 
Packed weights: 75
Packed items: [3, 7, 8, 9, 10, 19, 24, 27, 30, 31, 35, 37, 38, 47, 49, 50, 51, 52, 56, 61, 63, 64, 65, 69, 70, 72, 73, 77, 79, 81, 83, 96, 97, 100, 101, 106, 107, 109, 111, 114, 117, 119, 121, 122, 124, 129, 130, 135, 136, 139, 145, 146, 149, 151, 152, 155, 157, 158, 161, 164, 165, 166, 171, 172, 173, 174, 175, 177, 183, 184, 185, 186, 191, 193, 195] 
-------------------------
Solution for: 12Circle\n00500
Execution time: 96.24401617050171 sec
Capacity = 123199 
Total weight: 123199
Total value: 2595920
Number of items: 181 
Packed weights: 181
Packed items: [0, 3, 7, 8, 9, 10, 19, 24, 25, 27, 30, 31, 33, 35, 37, 38, 47, 49, 50, 51, 52, 53, 56, 58, 60, 61, 63, 64, 65, 69, 70, 72, 73, 77, 79, 81, 83, 87, 96, 97, 100, 101, 104, 107, 109, 111, 114, 117, 119, 121, 122, 124, 126, 129, 130, 135, 136, 139, 145, 146, 148, 149, 151, 152, 155, 157, 158, 161, 164, 165, 166, 171, 172, 173, 174, 175, 176, 177, 178, 183, 184, 185, 186, 191, 193, 194, 195, 199, 212, 213, 215, 217, 223, 231, 232, 239, 240, 241, 242, 243, 247, 249, 251, 256, 257, 258, 259, 266, 267, 269, 271, 277, 282, 283, 284, 286, 289, 290, 292, 294, 295, 296, 298, 300, 301, 303, 305, 306, 311, 313, 315, 319, 320, 321, 330, 331, 339, 340, 341, 345, 346, 348, 350, 355, 360, 363, 366, 379, 380, 383, 385, 400, 401, 402, 403, 404, 414, 416, 426, 427, 428, 432, 435, 440, 441, 442, 445, 446, 450, 466, 467, 469, 473, 474, 481, 482, 486, 487, 491, 492, 494] 
-------------------------
Solution for: 12Circle\n01000
Execution time: 180.5285370349884 sec
Capacity = 243336 
Total weight: 243336
Total value: 5127320
Number of items: 367 
Packed weights: 367
Packed items: [0, 3, 7, 8, 9, 10, 19, 24, 25, 27, 30, 31, 33, 35, 37, 38, 47, 49, 50, 51, 52, 53, 56, 58, 60, 61, 63, 64, 65, 69, 70, 72, 73, 77, 79, 81, 83, 87, 88, 96, 97, 100, 101, 104, 107, 109, 111, 114, 117, 119, 121, 122, 124, 126, 129, 130, 135, 136, 139, 145, 146, 148, 149, 151, 152, 155, 157, 158, 159, 161, 164, 165, 166, 171, 172, 173, 174, 175, 176, 177, 178, 183, 184, 185, 186, 189, 190, 191, 193, 194, 195, 199, 212, 213, 215, 217, 221, 223, 229, 230, 231, 232, 239, 240, 241, 242, 243, 247, 249, 251, 256, 257, 258, 259, 266, 267, 269, 271, 277, 282, 283, 284, 286, 289, 290, 292, 294, 295, 296, 298, 300, 301, 303, 305, 306, 309, 311, 313, 315, 319, 320, 321, 330, 331, 339, 340, 341, 345, 346, 348, 350, 355, 360, 363, 366, 380, 383, 385, 386, 387, 392, 400, 401, 402, 403, 404, 414, 415, 416, 426, 427, 428, 432, 435, 440, 441, 442, 445, 446, 448, 450, 456, 466, 467, 469, 473, 474, 481, 482, 486, 487, 491, 492, 494, 498, 500, 501, 502, 503, 506, 507, 515, 519, 521, 524, 530, 539, 541, 547, 548, 553, 555, 563, 564, 570, 571, 573, 575, 577, 578, 583, 585, 588, 594, 614, 616, 620, 621, 624, 629, 632, 636, 640, 642, 644, 645, 648, 649, 651, 652, 653, 654, 657, 659, 661, 672, 673, 675, 676, 678, 680, 683, 684, 685, 690, 691, 694, 696, 700, 701, 702, 709, 710, 712, 717, 722, 724, 726, 729, 730, 731, 733, 735, 737, 738, 744, 746, 747, 752, 753, 754, 756, 757, 758, 762, 763, 766, 767, 771, 779, 780, 781, 782, 785, 804, 805, 806, 808, 809, 810, 812, 815, 820, 821, 822, 823, 824, 825, 827, 833, 834, 837, 851, 856, 857, 858, 860, 861, 862, 863, 864, 865, 866, 871, 873, 874, 875, 877, 880, 881, 884, 890, 893, 894, 895, 896, 898, 899, 903, 908, 911, 913, 914, 915, 921, 928, 931, 933, 935, 937, 945, 953, 956, 958, 959, 964, 965, 967, 968, 969, 976, 982, 988, 989, 990, 995, 999] 
-------------------------
Solution for: 00Uncorrelated\n00050
Execution time: 0.0009996891021728516 sec
Capacity = 11922 
Total weight: 11921
Total value: 19780
Number of items: 31 
Packed weights: 31
Packed items: [0, 1, 3, 4, 5, 7, 8, 9, 10, 12, 14, 15, 17, 18, 20, 24, 27, 28, 30, 32, 33, 34, 35, 37, 38, 39, 40, 42, 43, 44, 49] 
-------------------------
Solution for: 00Uncorrelated\n00100
Execution time: 0.0009992122650146484 sec
Capacity = 28462 
Total weight: 28455
Total value: 42224
Number of items: 59 
Packed weights: 59
Packed items: [0, 1, 2, 3, 4, 5, 7, 8, 9, 10, 13, 14, 18, 19, 20, 22, 24, 27, 28, 30, 31, 32, 33, 34, 35, 37, 38, 39, 40, 41, 47, 49, 50, 52, 53, 55, 56, 58, 60, 61, 63, 64, 65, 69, 71, 72, 73, 77, 79, 80, 81, 83, 86, 87, 89, 90, 91, 96, 97] 
-------------------------
Solution for: 00Uncorrelated\n00200
Execution time: 0.002000093460083008 sec
Capacity = 47601 
Total weight: 47601
Total value: 86024
Number of items: 126 
Packed weights: 126
Packed items: [0, 1, 2, 3, 4, 5, 6, 7, 8, 9, 10, 11, 12, 15, 18, 19, 20, 22, 24, 25, 27, 30, 31, 33, 35, 37, 38, 39, 40, 45, 46, 47, 49, 52, 53, 54, 55, 58, 60, 61, 63, 64, 65, 69, 70, 71, 72, 73, 76, 77, 80, 81, 83, 85, 86, 87, 89, 91, 96, 97, 100, 101, 102, 103, 104, 108, 109, 112, 114, 115, 116, 117, 119, 121, 122, 124, 125, 126, 129, 130, 134, 135, 136, 137, 138, 142, 143, 146, 147, 149, 153, 154, 156, 157, 158, 159, 161, 162, 163, 164, 165, 166, 167, 169, 170, 171, 173, 174, 175, 176, 177, 178, 181, 182, 184, 185, 186, 188, 189, 190, 191, 193, 194, 195, 198, 199] 
-------------------------
Solution for: 00Uncorrelated\n00500
Execution time: 0.0029942989349365234 sec
Capacity = 120137 
Total weight: 120129
Total value: 202400
Number of items: 313 
Packed weights: 313
Packed items: [0, 2, 3, 4, 5, 7, 8, 9, 10, 11, 12, 13, 14, 15, 17, 18, 19, 20, 22, 24, 27, 30, 31, 32, 33, 34, 35, 37, 38, 39, 40, 44, 46, 47, 49, 50, 51, 52, 53, 55, 56, 57, 58, 59, 60, 61, 63, 64, 65, 69, 71, 72, 73, 77, 79, 80, 81, 83, 86, 87, 89, 90, 91, 92, 96, 97, 100, 101, 104, 105, 106, 107, 109, 112, 114, 115, 116, 117, 121, 123, 124, 125, 126, 128, 129, 130, 132, 134, 135, 136, 137, 139, 141, 142, 143, 145, 146, 147, 148, 149, 150, 151, 152, 154, 155, 157, 158, 163, 164, 165, 166, 167, 168, 169, 170, 171, 173, 174, 176, 177, 179, 181, 182, 183, 184, 185, 186, 187, 188, 189, 190, 192, 193, 195, 197, 199, 202, 209, 212, 213, 214, 215, 217, 221, 223, 228, 229, 230, 231, 232, 234, 235, 236, 240, 241, 242, 244, 247, 250, 251, 254, 255, 256, 258, 259, 260, 262, 264, 266, 268, 271, 272, 273, 274, 275, 277, 278, 279, 280, 284, 286, 288, 289, 290, 292, 294, 296, 297, 298, 299, 300, 301, 304, 305, 306, 307, 309, 310, 311, 312, 313, 315, 316, 317, 318, 321, 323, 324, 325, 326, 327, 328, 330, 331, 332, 335, 336, 338, 339, 340, 341, 343, 344, 345, 346, 348, 349, 350, 351, 352, 354, 355, 357, 358, 359, 360, 366, 367, 368, 370, 374, 377, 378, 379, 380, 381, 383, 385, 387, 389, 390, 391, 392, 394, 397, 400, 401, 402, 405, 407, 410, 411, 412, 414, 415, 416, 417, 418, 419, 422, 424, 426, 427, 428, 429, 430, 432, 434, 435, 438, 440, 441, 442, 444, 445, 446, 448, 454, 455, 457, 461, 463, 465, 466, 467, 468, 469, 471, 472, 473, 474, 475, 478, 481, 484, 486, 487, 491, 492, 493, 494, 496, 497] 
-------------------------
Solution for: 00Uncorrelated\n01000
Execution time: 0.0060002803802490234 sec
Capacity = 243749 
Total weight: 243745
Total value: 403106
Number of items: 624 
Packed weights: 624
Packed items: [1, 2, 3, 4, 5, 7, 8, 9, 10, 12, 13, 14, 15, 18, 19, 20, 21, 22, 24, 25, 27, 30, 31, 32, 33, 34, 35, 37, 38, 39, 40, 41, 42, 49, 52, 53, 55, 56, 58, 60, 61, 63, 65, 69, 70, 71, 72, 73, 74, 76, 77, 79, 80, 81, 83, 85, 87, 88, 89, 94, 96, 97, 100, 101, 104, 105, 107, 109, 111, 112, 114, 115, 116, 117, 121, 123, 124, 125, 126, 127, 129, 130, 134, 135, 136, 137, 141, 142, 143, 144, 145, 146, 147, 148, 149, 151, 152, 154, 155, 156, 157, 158, 159, 162, 163, 165, 166, 167, 168, 169, 170, 171, 172, 173, 174, 175, 176, 177, 179, 181, 182, 184, 185, 186, 188, 189, 190, 192, 193, 194, 195, 199, 201, 202, 212, 213, 214, 215, 217, 219, 221, 223, 224, 226, 229, 230, 231, 232, 233, 234, 235, 238, 239, 240, 241, 242, 244, 247, 248, 251, 252, 253, 254, 255, 256, 257, 258, 259, 260, 262, 263, 266, 267, 269, 271, 272, 274, 275, 279, 280, 284, 286, 287, 288, 289, 290, 292, 295, 296, 297, 298, 299, 300, 301, 304, 305, 306, 309, 311, 312, 313, 314, 315, 317, 318, 321, 323, 324, 325, 327, 328, 330, 331, 332, 335, 336, 339, 340, 341, 343, 344, 345, 346, 348, 349, 350, 351, 352, 353, 354, 355, 356, 357, 358, 360, 363, 364, 367, 368, 372, 374, 377, 378, 379, 380, 381, 383, 384, 385, 387, 388, 391, 392, 393, 394, 395, 397, 400, 402, 403, 404, 405, 407, 410, 411, 412, 414, 415, 416, 422, 423, 424, 426, 428, 430, 432, 434, 435, 440, 441, 442, 444, 445, 446, 448, 450, 453, 454, 459, 461, 463, 464, 465, 466, 467, 468, 469, 471, 472, 473, 474, 475, 476, 478, 480, 481, 486, 487, 488, 489, 490, 491, 492, 493, 494, 497, 501, 502, 505, 506, 507, 508, 510, 519, 523, 525, 527, 528, 529, 530, 531, 533, 534, 535, 536, 538, 539, 542, 546, 547, 548, 550, 554, 556, 558, 561, 562, 565, 566, 567, 568, 569, 570, 571, 572, 573, 574, 575, 576, 577, 579, 580, 583, 584, 585, 588, 589, 594, 595, 596, 599, 602, 603, 604, 606, 608, 610, 611, 614, 615, 617, 618, 619, 620, 621, 622, 624, 627, 630, 631, 636, 637, 638, 642, 643, 644, 648, 653, 654, 656, 658, 659, 660, 661, 662, 664, 665, 667, 668, 670, 672, 673, 674, 675, 676, 677, 678, 679, 680, 681, 684, 685, 686, 689, 690, 691, 692, 694, 696, 698, 699, 700, 701, 702, 703, 704, 705, 708, 710, 711, 712, 715, 717, 718, 719, 720, 722, 723, 724, 725, 726, 728, 730, 731, 733, 734, 737, 738, 739, 740, 741, 742, 743, 744, 745, 746, 747, 748, 749, 752, 753, 756, 757, 758, 759, 762, 763, 765, 766, 767, 768, 769, 770, 771, 776, 779, 780, 781, 782, 783, 784, 785, 787, 788, 793, 794, 795, 797, 798, 799, 801, 803, 805, 806, 808, 809, 812, 813, 814, 815, 816, 817, 818, 819, 820, 822, 823, 824, 827, 830, 833, 834, 835, 836, 837, 840, 842, 843, 850, 851, 852, 853, 855, 856, 857, 858, 860, 861, 864, 865, 869, 870, 871, 872, 873, 874, 875, 876, 877, 879, 880, 881, 882, 884, 887, 888, 889, 891, 894, 895, 898, 899, 900, 902, 903, 904, 909, 910, 911, 913, 914, 915, 918, 920, 922, 923, 924, 925, 927, 928, 931, 933, 934, 935, 936, 937, 939, 942, 945, 946, 947, 948, 949, 950, 951, 952, 953, 954, 956, 959, 960, 962, 963, 965, 967, 968, 969, 971, 975, 976, 977, 978, 979, 980, 982, 983, 984, 986, 988, 990, 994, 995, 998, 999] 
-------------------------
Solution for: 01WeaklyCorrelated\n00050
Execution time: 0.001001596450805664 sec
Capacity = 12719 
Total weight: 12715
Total value: 14125
Number of items: 22 
Packed weights: 22
Packed items: [2, 3, 6, 8, 10, 11, 13, 19, 21, 22, 23, 26, 27, 29, 30, 31, 33, 37, 39, 46, 47, 48] 
-------------------------
Solution for: 01WeaklyCorrelated\n00100
Execution time: 0.0020003318786621094 sec
Capacity = 24642 
Total weight: 24637
Total value: 27933
Number of items: 61 
Packed weights: 61
Packed items: [0, 1, 4, 5, 6, 9, 12, 14, 15, 16, 17, 21, 23, 24, 25, 26, 29, 35, 36, 37, 42, 43, 45, 46, 47, 48, 49, 51, 54, 55, 57, 58, 59, 62, 63, 65, 66, 67, 69, 70, 71, 73, 74, 75, 76, 77, 78, 79, 81, 82, 84, 85, 86, 88, 89, 90, 92, 93, 94, 95, 99] 
-------------------------
Solution for: 01WeaklyCorrelated\n00200
Execution time: 0.0009984970092773438 sec
Capacity = 53104 
Total weight: 53102
Total value: 57753
Number of items: 102 
Packed weights: 102
Packed items: [1, 2, 14, 15, 16, 17, 23, 26, 28, 30, 31, 32, 34, 35, 38, 39, 40, 41, 42, 44, 47, 48, 50, 51, 56, 57, 58, 59, 60, 62, 66, 67, 71, 74, 75, 77, 79, 80, 82, 84, 86, 88, 89, 90, 92, 94, 97, 99, 100, 101, 105, 106, 107, 109, 110, 111, 112, 113, 114, 115, 118, 121, 123, 124, 127, 128, 130, 131, 132, 135, 136, 139, 140, 141, 143, 144, 145, 146, 148, 150, 151, 152, 155, 157, 160, 166, 167, 168, 172, 174, 177, 179, 181, 182, 183, 185, 187, 188, 192, 194, 195, 197] 
-------------------------
Solution for: 01WeaklyCorrelated\n00500
Execution time: 0.0029969215393066406 sec
Capacity = 123199 
Total weight: 123199
Total value: 135595
Number of items: 259 
Packed weights: 259
Packed items: [0, 1, 2, 6, 7, 8, 16, 19, 21, 23, 26, 27, 28, 29, 30, 33, 34, 35, 37, 38, 39, 42, 47, 48, 55, 58, 62, 66, 67, 68, 69, 70, 71, 73, 74, 75, 76, 77, 79, 85, 88, 89, 94, 95, 96, 99, 102, 103, 104, 106, 108, 110, 111, 114, 115, 118, 119, 120, 121, 122, 124, 127, 129, 130, 131, 136, 138, 142, 143, 144, 145, 148, 149, 153, 154, 156, 158, 159, 160, 161, 164, 165, 172, 173, 175, 176, 177, 178, 179, 180, 181, 183, 184, 185, 190, 191, 192, 194, 196, 198, 199, 200, 201, 202, 203, 204, 205, 207, 208, 210, 211, 216, 217, 218, 219, 222, 223, 224, 225, 226, 230, 231, 233, 234, 237, 238, 239, 240, 243, 244, 245, 247, 248, 252, 253, 256, 257, 258, 259, 262, 263, 265, 266, 267, 269, 270, 271, 276, 277, 279, 280, 281, 282, 283, 284, 285, 286, 287, 294, 295, 298, 301, 302, 303, 304, 305, 306, 308, 309, 312, 314, 315, 318, 319, 320, 321, 324, 325, 329, 334, 335, 337, 340, 342, 347, 348, 351, 356, 357, 358, 361, 363, 364, 365, 366, 369, 371, 372, 373, 375, 376, 377, 379, 381, 382, 388, 394, 395, 398, 399, 400, 403, 404, 409, 411, 413, 414, 415, 418, 422, 423, 425, 427, 428, 430, 431, 433, 435, 436, 437, 439, 443, 446, 447, 449, 450, 451, 452, 453, 456, 459, 460, 462, 464, 465, 469, 476, 477, 479, 480, 482, 483, 485, 488, 490, 494, 495, 498, 499] 
-------------------------
Solution for: 01WeaklyCorrelated\n01000
Execution time: 0.005000114440917969 sec
Capacity = 243336 
Total weight: 243336
Total value: 268214
Number of items: 524 
Packed weights: 524
Packed items: [0, 2, 4, 5, 6, 8, 11, 15, 16, 17, 19, 20, 22, 26, 27, 28, 33, 39, 40, 44, 45, 46, 47, 48, 50, 51, 52, 53, 54, 56, 57, 62, 64, 65, 66, 68, 71, 72, 73, 75, 77, 78, 84, 86, 90, 91, 92, 93, 98, 101, 102, 103, 106, 108, 110, 111, 114, 115, 118, 119, 121, 122, 124, 125, 128, 131, 132, 133, 135, 138, 139, 142, 143, 145, 150, 151, 153, 155, 159, 160, 161, 163, 164, 165, 166, 167, 170, 174, 176, 177, 178, 180, 182, 183, 185, 186, 188, 189, 190, 191, 192, 194, 196, 197, 198, 200, 201, 204, 205, 207, 208, 210, 214, 215, 216, 217, 218, 220, 222, 223, 225, 228, 232, 236, 238, 240, 241, 242, 243, 244, 245, 246, 247, 249, 250, 261, 264, 265, 266, 273, 274, 275, 276, 277, 278, 279, 280, 282, 283, 284, 285, 290, 291, 293, 294, 297, 306, 307, 308, 310, 315, 316, 318, 320, 321, 322, 326, 329, 331, 333, 334, 336, 337, 339, 340, 342, 344, 346, 347, 348, 350, 351, 357, 361, 362, 366, 370, 373, 375, 376, 377, 382, 383, 385, 386, 387, 389, 390, 395, 398, 399, 402, 405, 406, 409, 411, 416, 417, 418, 419, 420, 421, 425, 427, 429, 430, 431, 433, 434, 436, 437, 442, 443, 445, 447, 451, 452, 454, 455, 456, 457, 458, 461, 463, 465, 467, 470, 471, 477, 482, 483, 484, 485, 486, 492, 495, 496, 497, 498, 499, 500, 501, 503, 511, 512, 513, 514, 515, 516, 518, 520, 521, 522, 526, 532, 533, 535, 537, 539, 540, 541, 542, 543, 544, 545, 549, 551, 553, 554, 555, 557, 558, 559, 563, 564, 567, 570, 572, 578, 581, 582, 586, 587, 590, 592, 593, 594, 595, 596, 597, 598, 600, 601, 603, 605, 606, 607, 608, 609, 610, 611, 613, 614, 616, 618, 619, 620, 621, 623, 625, 626, 628, 629, 631, 632, 633, 634, 635, 638, 639, 640, 641, 642, 645, 646, 647, 649, 650, 651, 652, 653, 654, 655, 656, 657, 658, 659, 661, 663, 666, 669, 671, 672, 673, 682, 683, 687, 688, 690, 693, 696, 697, 698, 700, 702, 706, 707, 708, 709, 713, 714, 716, 717, 721, 724, 727, 732, 733, 734, 735, 736, 737, 744, 748, 750, 754, 755, 757, 759, 760, 761, 764, 765, 769, 772, 773, 775, 777, 778, 779, 780, 782, 784, 785, 786, 787, 790, 791, 792, 798, 802, 803, 804, 805, 807, 810, 811, 812, 814, 820, 821, 825, 826, 828, 829, 833, 837, 838, 840, 841, 842, 844, 845, 846, 847, 848, 849, 854, 859, 862, 863, 864, 866, 868, 869, 871, 872, 873, 875, 877, 878, 882, 883, 885, 886, 890, 891, 892, 893, 894, 895, 897, 900, 901, 903, 904, 905, 906, 907, 908, 911, 914, 915, 916, 919, 921, 922, 925, 926, 927, 928, 930, 932, 935, 936, 937, 938, 939, 940, 941, 943, 944, 949, 950, 951, 952, 955, 956, 958, 960, 961, 962, 964, 965, 966, 968, 969, 970, 972, 974, 976, 979, 980, 981, 985, 987, 988, 989, 991, 992, 993, 995, 996, 997] 
-------------------------
Solution for: 02StronglyCorrelated\n00050
Execution time: 0.0480036735534668 sec
Capacity = 12719 
Total weight: 12719
Total value: 16219
Number of items: 35 
Packed weights: 35
Packed items: [0, 1, 4, 6, 7, 9, 11, 12, 13, 14, 15, 16, 17, 18, 20, 21, 23, 25, 26, 28, 29, 32, 33, 34, 35, 36, 38, 41, 42, 43, 44, 45, 46, 48, 49] 
-------------------------
Solution for: 02StronglyCorrelated\n00100
Execution time: 0.008000612258911133 sec
Capacity = 24642 
Total weight: 24642
Total value: 31842
Number of items: 72 
Packed weights: 72
Packed items: [0, 1, 2, 4, 6, 7, 9, 11, 12, 13, 14, 15, 16, 17, 18, 21, 23, 24, 25, 26, 28, 29, 32, 34, 35, 36, 38, 41, 42, 43, 44, 45, 46, 47, 48, 49, 50, 51, 53, 54, 55, 56, 57, 59, 60, 62, 64, 65, 66, 67, 68, 70, 71, 74, 75, 76, 77, 78, 82, 84, 85, 86, 88, 90, 91, 92, 93, 94, 95, 96, 98, 99] 
-------------------------
Solution for: 02StronglyCorrelated\n00200
Execution time: 0.061002254486083984 sec
Capacity = 53104 
Total weight: 53104
Total value: 66904
Number of items: 138 
Packed weights: 138
Packed items: [0, 1, 6, 7, 9, 11, 12, 13, 14, 15, 16, 17, 18, 21, 23, 24, 25, 26, 28, 29, 32, 34, 35, 36, 38, 41, 42, 43, 44, 45, 46, 47, 48, 49, 50, 51, 52, 53, 54, 55, 56, 57, 59, 62, 64, 65, 66, 67, 68, 70, 74, 75, 76, 78, 79, 82, 84, 85, 86, 88, 90, 91, 92, 93, 94, 95, 96, 98, 99, 101, 102, 103, 104, 106, 107, 108, 110, 111, 113, 114, 116, 118, 119, 120, 122, 123, 127, 128, 129, 130, 131, 132, 133, 134, 137, 138, 139, 140, 141, 144, 147, 148, 150, 151, 152, 153, 155, 156, 158, 159, 160, 161, 162, 163, 164, 166, 168, 169, 172, 175, 178, 179, 180, 183, 184, 185, 186, 187, 189, 190, 191, 192, 194, 195, 196, 197, 198, 199] 
-------------------------